node,x_m,y_m,z_m,ux,uy,uz
        1., -0.16666667E-01,  0.20410780E-17,  0.59636711E+00, -0.28287423E+00, -0.94500819E+00, -0.39196446E-02
        2., -0.13333333E-01,  0.16328624E-17,  0.59636711E+00, -0.28384369E+00, -0.94210926E+00, -0.30595996E-02
        3., -0.15926213E-01,  0.49125862E-02,  0.59636711E+00, -0.28781727E+00, -0.94499030E+00,  0.48713045E-04
        4., -0.12740971E-01,  0.39300690E-02,  0.59636711E+00, -0.28691256E+00, -0.94209816E+00,  0.38023093E-04
        5., -0.13770646E-01,  0.93886676E-02,  0.59636711E+00, -0.29189132E+00, -0.94219101E+00,  0.40127425E-02
        6., -0.11016517E-01,  0.75109341E-02,  0.59636711E+00, -0.28944192E+00, -0.94036022E+00,  0.31322664E-02
        7., -0.10391497E-01,  0.13030525E-01,  0.59636711E+00, -0.29368056E+00, -0.93758312E+00,  0.76202220E-02
        8., -0.83131974E-02,  0.10424420E-01,  0.59636711E+00, -0.29055276E+00, -0.93749943E+00,  0.59481952E-02
        9., -0.60890171E-02,  0.15514562E-01,  0.59636711E+00, -0.29256318E+00, -0.93276800E+00,  0.10550612E-01
       10., -0.48712137E-02,  0.12411650E-01,  0.59636711E+00, -0.28985904E+00, -0.93450998E+00,  0.82356014E-02
       11., -0.12455016E-02,  0.16620063E-01,  0.59636711E+00, -0.28892750E+00, -0.92941901E+00,  0.12543532E-01
       12., -0.99640125E-03,  0.13296051E-01,  0.59636711E+00, -0.28760184E+00, -0.93243078E+00,  0.97912369E-02
       13.,  0.37086822E-02,  0.16248799E-01,  0.59636711E+00, -0.28403700E+00, -0.92869998E+00,  0.13421906E-01
       14.,  0.29669458E-02,  0.12999039E-01,  0.59636711E+00, -0.28456559E+00, -0.93198438E+00,  0.10476879E-01
       15.,  0.83333333E-02,  0.14433757E-01,  0.59636711E+00, -0.27959123E+00, -0.93086081E+00,  0.13107683E-01
       16.,  0.66666667E-02,  0.11547005E-01,  0.59636711E+00, -0.28180545E+00, -0.93332591E+00,  0.10231603E-01
       17.,  0.12217531E-01,  0.11336212E-01,  0.59636711E+00, -0.27713521E+00, -0.93515057E+00,  0.11628786E-01
       18.,  0.97740250E-02,  0.90689698E-02,  0.59636711E+00, -0.28028064E+00, -0.93598920E+00,  0.90772048E-02
       19.,  0.15016148E-01,  0.72313957E-02,  0.59636711E+00, -0.27752246E+00, -0.94007846E+00,  0.91166194E-02
       20.,  0.12012918E-01,  0.57851165E-02,  0.59636711E+00, -0.28052105E+00, -0.93904866E+00,  0.71162578E-02
       21.,  0.16480514E-01,  0.24840378E-02,  0.59636711E+00, -0.28061838E+00, -0.94393192E+00,  0.57944027E-02
       22.,  0.13184411E-01,  0.19872302E-02,  0.59636711E+00, -0.28244315E+00, -0.94144108E+00,  0.45229995E-02
       23.,  0.16480514E-01, -0.24840378E-02,  0.59636711E+00, -0.28534710E+00, -0.94537182E+00,  0.19573264E-02
       24.,  0.13184411E-01, -0.19872302E-02,  0.59636711E+00, -0.28537896E+00, -0.94233503E+00,  0.15278528E-02
       25.,  0.15016148E-01, -0.72313957E-02,  0.59636711E+00, -0.29006528E+00, -0.94389773E+00, -0.20536665E-02
       26.,  0.12012918E-01, -0.57851165E-02,  0.59636711E+00, -0.28830822E+00, -0.94141985E+00, -0.16030516E-02
       27.,  0.12217531E-01, -0.11336212E-01,  0.59636711E+00, -0.29313323E+00, -0.94002194E+00, -0.58821812E-02
       28.,  0.97740250E-02, -0.90689698E-02,  0.59636711E+00, -0.29021295E+00, -0.93901357E+00, -0.45915154E-02
       29.,  0.83333333E-02, -0.14433757E-01,  0.59636711E+00, -0.29348479E+00, -0.93509137E+00, -0.91880395E-02
       30.,  0.66666667E-02, -0.11547005E-01,  0.59636711E+00, -0.29043122E+00, -0.93595244E+00, -0.71720045E-02
       31.,  0.37086822E-02, -0.16248799E-01,  0.59636711E+00, -0.29099777E+00, -0.93081951E+00, -0.11677500E-01
       32.,  0.29669458E-02, -0.12999039E-01,  0.59636711E+00, -0.28888716E+00, -0.93330027E+00, -0.91152298E-02
       33., -0.12455016E-02, -0.16620063E-01,  0.59636711E+00, -0.28653648E+00, -0.92869092E+00, -0.13129362E-01
       34., -0.99640125E-03, -0.13296051E-01,  0.59636711E+00, -0.28611739E+00, -0.93197874E+00, -0.10248526E-01
       35., -0.60890171E-02, -0.15514562E-01,  0.59636711E+00, -0.28165131E+00, -0.92944531E+00, -0.13414626E-01
       36., -0.48712137E-02, -0.12411650E-01,  0.59636711E+00, -0.28308444E+00, -0.93244710E+00, -0.10471197E-01
       37., -0.10391497E-01, -0.13030525E-01,  0.59636711E+00, -0.27803997E+00, -0.93282055E+00, -0.12507938E-01
       38., -0.83131974E-02, -0.10424420E-01,  0.59636711E+00, -0.28084235E+00, -0.93454260E+00, -0.97634542E-02
       39., -0.13770646E-01, -0.93886676E-02,  0.59636711E+00, -0.27695748E+00, -0.93764365E+00, -0.10489867E-01
       40., -0.11016517E-01, -0.75109341E-02,  0.59636711E+00, -0.28017030E+00, -0.93753701E+00, -0.81881876E-02
       41., -0.15926213E-01, -0.49125862E-02,  0.59636711E+00, -0.27878003E+00, -0.94223846E+00, -0.75397250E-02
       42., -0.12740971E-01, -0.39300690E-02,  0.59636711E+00, -0.28130182E+00, -0.94038968E+00, -0.58853643E-02
       43., -0.16666667E-01,  0.20410780E-17,  0.59259553E+00, -0.28137055E+00, -0.93998640E+00, -0.79750973E-02
       44., -0.13333333E-01,  0.16328624E-17,  0.59259553E+00, -0.28233496E+00, -0.93710256E+00, -0.62251880E-02
       45., -0.15926213E-01,  0.49125862E-02,  0.59259553E+00, -0.28628784E+00, -0.93996860E+00,  0.99113632E-04
       46., -0.12740971E-01,  0.39300690E-02,  0.59259553E+00, -0.28538784E+00, -0.93709151E+00,  0.77362298E-04
       47., -0.13770646E-01,  0.93886676E-02,  0.59259553E+00, -0.29034067E+00, -0.93718389E+00,  0.81645169E-02
       48., -0.11016517E-01,  0.75109341E-02,  0.59259553E+00, -0.28790401E+00, -0.93536264E+00,  0.63730370E-02
       49., -0.10391497E-01,  0.13030525E-01,  0.59259553E+00, -0.29212059E+00, -0.93260000E+00,  0.15504468E-01
       50., -0.83131974E-02,  0.10424420E-01,  0.59259553E+00, -0.28900907E+00, -0.93251675E+00,  0.12102441E-01
       51., -0.60890171E-02,  0.15514562E-01,  0.59259553E+00, -0.29100903E+00, -0.92780997E+00,  0.21466780E-01
       52., -0.48712137E-02,  0.12411650E-01,  0.59259553E+00, -0.28831896E+00, -0.92954289E+00,  0.16756491E-01
       53., -0.12455016E-02,  0.16620063E-01,  0.59259553E+00, -0.28739229E+00, -0.92447842E+00,  0.25521671E-01
       54., -0.99640125E-03,  0.13296051E-01,  0.59259553E+00, -0.28607353E+00, -0.92747452E+00,  0.19921650E-01
       55.,  0.37086822E-02,  0.16248799E-01,  0.59259553E+00, -0.28252727E+00, -0.92376314E+00,  0.27308852E-01
       56.,  0.29669458E-02,  0.12999039E-01,  0.59259553E+00, -0.28305310E+00, -0.92703044E+00,  0.21316685E-01
       57.,  0.83333333E-02,  0.14433757E-01,  0.59259553E+00, -0.27810466E+00, -0.92591271E+00,  0.26669521E-01
       58.,  0.66666667E-02,  0.11547005E-01,  0.59259553E+00, -0.28030734E+00, -0.92836499E+00,  0.20817638E-01
       59.,  0.12217531E-01,  0.11336212E-01,  0.59259553E+00, -0.27566143E+00, -0.93018012E+00,  0.23660485E-01
       60.,  0.97740250E-02,  0.90689698E-02,  0.59259553E+00, -0.27879048E+00, -0.93101439E+00,  0.18468852E-01
       61.,  0.15016148E-01,  0.72313957E-02,  0.59259553E+00, -0.27604666E+00, -0.93508234E+00,  0.18549112E-01
       62.,  0.12012918E-01,  0.57851165E-02,  0.59259553E+00, -0.27902964E+00, -0.93405791E+00,  0.14479029E-01
       63.,  0.16480514E-01,  0.24840378E-02,  0.59259553E+00, -0.27912646E+00, -0.93891574E+00,  0.11789570E-01
       64.,  0.13184411E-01,  0.19872302E-02,  0.59259553E+00, -0.28094172E+00, -0.93643786E+00,  0.92026795E-02
       65.,  0.16480514E-01, -0.24840378E-02,  0.59259553E+00, -0.28383054E+00, -0.94034813E+00,  0.39824708E-02
       66.,  0.13184411E-01, -0.19872302E-02,  0.59259553E+00, -0.28386223E+00, -0.93732715E+00,  0.31086310E-02
       67.,  0.15016148E-01, -0.72313957E-02,  0.59259553E+00, -0.28852413E+00, -0.93888172E+00, -0.41784872E-02
       68.,  0.12012918E-01, -0.57851165E-02,  0.59259553E+00, -0.28677622E+00, -0.93641674E+00, -0.32616321E-02
       69.,  0.12217531E-01, -0.11336212E-01,  0.59259553E+00, -0.29157611E+00, -0.93502613E+00, -0.11968167E-01
       70.,  0.97740250E-02, -0.90689698E-02,  0.59259553E+00, -0.28867103E+00, -0.93402301E+00, -0.93420846E-02
       71.,  0.83333333E-02, -0.14433757E-01,  0.59259553E+00, -0.29192583E+00, -0.93012124E+00, -0.18694425E-01
       72.,  0.66666667E-02, -0.11547005E-01,  0.59259553E+00, -0.28888816E+00, -0.93097783E+00, -0.14592453E-01
       73.,  0.37086822E-02, -0.16248799E-01,  0.59259553E+00, -0.28945177E+00, -0.92587164E+00, -0.23759600E-01
       74.,  0.29669458E-02, -0.12999039E-01,  0.59259553E+00, -0.28735215E+00, -0.92833948E+00, -0.18546218E-01
       75., -0.12455016E-02, -0.16620063E-01,  0.59259553E+00, -0.28501372E+00, -0.92375413E+00, -0.26713631E-01
       76., -0.99640125E-03, -0.13296051E-01,  0.59259553E+00, -0.28459681E+00, -0.92702484E+00, -0.20852070E-01
       77., -0.60890171E-02, -0.15514562E-01,  0.59259553E+00, -0.28015400E+00, -0.92450460E+00, -0.27294039E-01
       78., -0.48712137E-02, -0.12411650E-01,  0.59259553E+00, -0.28157967E+00, -0.92749076E+00, -0.21305124E-01
       79., -0.10391497E-01, -0.13030525E-01,  0.59259553E+00, -0.27656147E+00, -0.92786225E+00, -0.25449251E-01
       80., -0.83131974E-02, -0.10424420E-01,  0.59259553E+00, -0.27934927E+00, -0.92957534E+00, -0.19865124E-01
       81., -0.13770646E-01, -0.93886676E-02,  0.59259553E+00, -0.27548462E+00, -0.93266022E+00, -0.21343187E-01
       82., -0.11016517E-01, -0.75109341E-02,  0.59259553E+00, -0.27868072E+00, -0.93255414E+00, -0.16660020E-01
       83., -0.15926213E-01, -0.49125862E-02,  0.59259553E+00, -0.27729768E+00, -0.93723109E+00, -0.15340686E-01
       84., -0.12740971E-01, -0.39300690E-02,  0.59259553E+00, -0.27980634E+00, -0.93539194E+00, -0.11974604E-01
       85., -0.16666667E-01,  0.20410780E-17,  0.58867995E+00, -0.27872853E+00, -0.93116299E+00, -0.12155181E-01
       86., -0.13333333E-01,  0.16328624E-17,  0.58867995E+00, -0.27968407E+00, -0.92830567E+00, -0.94880536E-02
       87., -0.15926213E-01,  0.49125862E-02,  0.58867995E+00, -0.28360060E+00, -0.93114536E+00,  0.15106299E-03
       88., -0.12740971E-01,  0.39300690E-02,  0.58867995E+00, -0.28270887E+00, -0.92829473E+00,  0.11791174E-03
       89., -0.13770646E-01,  0.93886676E-02,  0.58867995E+00, -0.28761617E+00, -0.92838625E+00,  0.12443881E-01
       90., -0.11016517E-01,  0.75109341E-02,  0.58867995E+00, -0.28520191E+00, -0.92658175E+00,  0.97133965E-02
       91., -0.10391497E-01,  0.13030525E-01,  0.58867995E+00, -0.28937971E+00, -0.92384452E+00,  0.23631008E-01
       92., -0.83131974E-02,  0.10424420E-01,  0.58867995E+00, -0.28629681E+00, -0.92376203E+00,  0.18445805E-01
       93., -0.60890171E-02,  0.15514562E-01,  0.58867995E+00, -0.28827838E+00, -0.91909852E+00,  0.32718418E-01
       94., -0.48712137E-02,  0.12411650E-01,  0.58867995E+00, -0.28561305E+00, -0.92081551E+00,  0.25539225E-01
       95., -0.12455016E-02,  0.16620063E-01,  0.58867995E+00, -0.28469489E+00, -0.91579762E+00,  0.38898649E-01
       96., -0.99640125E-03,  0.13296051E-01,  0.58867995E+00, -0.28338826E+00, -0.91876616E+00,  0.30363371E-01
       97.,  0.37086822E-02,  0.16248799E-01,  0.58867995E+00, -0.27987460E+00, -0.91508891E+00,  0.41622565E-01
       98.,  0.29669458E-02,  0.12999039E-01,  0.58867995E+00, -0.28039560E+00, -0.91832616E+00,  0.32489597E-01
       99.,  0.83333333E-02,  0.14433757E-01,  0.58867995E+00, -0.27549266E+00, -0.91721872E+00,  0.40648134E-01
      100.,  0.66666667E-02,  0.11547005E-01,  0.58867995E+00, -0.27767509E+00, -0.91964844E+00,  0.31728980E-01
      101.,  0.12217531E-01,  0.11336212E-01,  0.58867995E+00, -0.27307191E+00, -0.92144689E+00,  0.36061938E-01
      102.,  0.97740250E-02,  0.90689698E-02,  0.58867995E+00, -0.27617218E+00, -0.92227349E+00,  0.28149105E-01
      103.,  0.15016148E-01,  0.72313957E-02,  0.58867995E+00, -0.27345359E+00, -0.92630403E+00,  0.28271480E-01
      104.,  0.12012918E-01,  0.57851165E-02,  0.58867995E+00, -0.27640915E+00, -0.92528902E+00,  0.22068058E-01
      105.,  0.16480514E-01,  0.24840378E-02,  0.58867995E+00, -0.27650507E+00, -0.93010218E+00,  0.17968978E-01
      106.,  0.13184411E-01,  0.19872302E-02,  0.58867995E+00, -0.27830364E+00, -0.92764708E+00,  0.14026167E-01
      107.,  0.16480514E-01, -0.24840378E-02,  0.58867995E+00, -0.28116589E+00, -0.93152140E+00,  0.60698507E-02
      108.,  0.13184411E-01, -0.19872302E-02,  0.58867995E+00, -0.28119729E+00, -0.92852820E+00,  0.47379881E-02
      109.,  0.15016148E-01, -0.72313957E-02,  0.58867995E+00, -0.28581633E+00, -0.93006848E+00, -0.63686060E-02
      110.,  0.12012918E-01, -0.57851165E-02,  0.58867995E+00, -0.28408449E+00, -0.92762616E+00, -0.49711802E-02
      111.,  0.12217531E-01, -0.11336212E-01,  0.58867995E+00, -0.28884024E+00, -0.92624833E+00, -0.18241184E-01
      112.,  0.97740250E-02, -0.90689698E-02,  0.58867995E+00, -0.28596188E+00, -0.92525444E+00, -0.14238636E-01
      113.,  0.83333333E-02, -0.14433757E-01,  0.58867995E+00, -0.28918675E+00, -0.92138855E+00, -0.28492956E-01
      114.,  0.66666667E-02, -0.11547005E-01,  0.58867995E+00, -0.28617701E+00, -0.92223726E+00, -0.22240929E-01
      115.,  0.37086822E-02, -0.16248799E-01,  0.58867995E+00, -0.28673544E+00, -0.91717802E+00, -0.36213002E-01
      116.,  0.29669458E-02, -0.12999039E-01,  0.58867995E+00, -0.28465512E+00, -0.91962318E+00, -0.28267018E-01
      117., -0.12455016E-02, -0.16620063E-01,  0.58867995E+00, -0.28233820E+00, -0.91507999E+00, -0.40715364E-01
      118., -0.99640125E-03, -0.13296051E-01,  0.58867995E+00, -0.28192512E+00, -0.91832062E+00, -0.31781458E-01
      119., -0.60890171E-02, -0.15514562E-01,  0.58867995E+00, -0.27752316E+00, -0.91582355E+00, -0.41599987E-01
      120., -0.48712137E-02, -0.12411650E-01,  0.58867995E+00, -0.27893572E+00, -0.91878225E+00, -0.32471974E-01
      121., -0.10391497E-01, -0.13030525E-01,  0.58867995E+00, -0.27396367E+00, -0.91915033E+00, -0.38788270E-01
      122., -0.83131974E-02, -0.10424420E-01,  0.58867995E+00, -0.27672583E+00, -0.92084766E+00, -0.30277215E-01
      123., -0.13770646E-01, -0.93886676E-02,  0.58867995E+00, -0.27289672E+00, -0.92390418E+00, -0.32530045E-01
      124., -0.11016517E-01, -0.75109341E-02,  0.58867995E+00, -0.27606342E+00, -0.92379907E+00, -0.25392193E-01
      125., -0.15926213E-01, -0.49125862E-02,  0.58867995E+00, -0.27469310E+00, -0.92843303E+00, -0.23381383E-01
      126., -0.12740971E-01, -0.39300690E-02,  0.58867995E+00, -0.27717869E+00, -0.92661079E+00, -0.18250963E-01
      127., -0.16666667E-01,  0.20410780E-17,  0.58461489E+00, -0.27483141E+00, -0.91814806E+00, -0.16445329E-01
      128., -0.13333333E-01,  0.16328624E-17,  0.58461489E+00, -0.27577386E+00, -0.91532985E+00, -0.12836843E-01
      129., -0.15926213E-01,  0.49125862E-02,  0.58461489E+00, -0.27963680E+00, -0.91813067E+00,  0.20437917E-03
      130., -0.12740971E-01,  0.39300690E-02,  0.58461489E+00, -0.27875727E+00, -0.91531905E+00,  0.15952678E-03
      131., -0.13770646E-01,  0.93886676E-02,  0.58461489E+00, -0.28359739E+00, -0.91540933E+00,  0.16835924E-01
      132., -0.11016517E-01,  0.75109341E-02,  0.58461489E+00, -0.28121619E+00, -0.91362952E+00,  0.13141721E-01
      133., -0.10391497E-01,  0.13030525E-01,  0.58461489E+00, -0.28533680E+00, -0.91092976E+00,  0.31971524E-01
      134., -0.83131974E-02,  0.10424420E-01,  0.58461489E+00, -0.28229610E+00, -0.91084839E+00,  0.24956215E-01
      135., -0.60890171E-02,  0.15514562E-01,  0.58461489E+00, -0.28425054E+00, -0.90624874E+00,  0.44266316E-01
      136., -0.48712137E-02,  0.12411650E-01,  0.58461489E+00, -0.28162170E+00, -0.90794219E+00,  0.34553242E-01
      137., -0.12455016E-02,  0.16620063E-01,  0.58461489E+00, -0.28071611E+00, -0.90299301E+00,  0.52627850E-01
      138., -0.99640125E-03,  0.13296051E-01,  0.58461489E+00, -0.27942736E+00, -0.90592089E+00,  0.41080061E-01
      139.,  0.37086822E-02,  0.16248799E-01,  0.58461489E+00, -0.27596180E+00, -0.90229401E+00,  0.56313167E-01
      140.,  0.29669458E-02,  0.12999039E-01,  0.58461489E+00, -0.27647566E+00, -0.90548692E+00,  0.43956735E-01
      141.,  0.83333333E-02,  0.14433757E-01,  0.58461489E+00, -0.27163984E+00, -0.90439466E+00,  0.54994813E-01
      142.,  0.66666667E-02,  0.11547005E-01,  0.58461489E+00, -0.27379239E+00, -0.90679110E+00,  0.42927661E-01
      143.,  0.12217531E-01,  0.11336212E-01,  0.58461489E+00, -0.26925222E+00, -0.90856496E+00,  0.48789928E-01
      144.,  0.97740250E-02,  0.90689698E-02,  0.58461489E+00, -0.27231004E+00, -0.90938022E+00,  0.38084275E-01
      145.,  0.15016148E-01,  0.72313957E-02,  0.58461489E+00, -0.26962868E+00, -0.91335561E+00,  0.38249845E-01
      146.,  0.12012918E-01,  0.57851165E-02,  0.58461489E+00, -0.27254376E+00, -0.91235449E+00,  0.29856937E-01
      147.,  0.16480514E-01,  0.24840378E-02,  0.58461489E+00, -0.27263839E+00, -0.91710177E+00,  0.24311095E-01
      148.,  0.13184411E-01,  0.19872302E-02,  0.58461489E+00, -0.27441233E+00, -0.91468027E+00,  0.18976677E-01
      149.,  0.16480514E-01, -0.24840378E-02,  0.58461489E+00, -0.27723542E+00, -0.91850156E+00,  0.82121946E-02
      150.,  0.13184411E-01, -0.19872302E-02,  0.58461489E+00, -0.27726638E+00, -0.91554933E+00,  0.64102530E-02
      151.,  0.15016148E-01, -0.72313957E-02,  0.58461489E+00, -0.28182219E+00, -0.91706853E+00, -0.86163925E-02
      152.,  0.12012918E-01, -0.57851165E-02,  0.58461489E+00, -0.28011407E+00, -0.91465964E+00, -0.67257467E-02
      153.,  0.12217531E-01, -0.11336212E-01,  0.58461489E+00, -0.28480471E+00, -0.91330068E+00, -0.24679374E-01
      154.,  0.97740250E-02, -0.90689698E-02,  0.58461489E+00, -0.28196576E+00, -0.91232038E+00, -0.19264134E-01
      155.,  0.83333333E-02, -0.14433757E-01,  0.58461489E+00, -0.28514648E+00, -0.90850742E+00, -0.38549487E-01
      156.,  0.66666667E-02, -0.11547005E-01,  0.58461489E+00, -0.28217794E+00, -0.90934450E+00, -0.30090820E-01
      157.,  0.37086822E-02, -0.16248799E-01,  0.58461489E+00, -0.28272872E+00, -0.90435453E+00, -0.48994309E-01
      158.,  0.29669458E-02, -0.12999039E-01,  0.58461489E+00, -0.28067689E+00, -0.90676619E+00, -0.38243806E-01
      159., -0.12455016E-02, -0.16620063E-01,  0.58461489E+00, -0.27839167E+00, -0.90228521E+00, -0.55085770E-01
      160., -0.99640125E-03, -0.13296051E-01,  0.58461489E+00, -0.27798424E+00, -0.90548146E+00, -0.42998658E-01
      161., -0.60890171E-02, -0.15514562E-01,  0.58461489E+00, -0.27364255E+00, -0.90301860E+00, -0.56282620E-01
      162., -0.48712137E-02, -0.12411650E-01,  0.58461489E+00, -0.27503576E+00, -0.90593677E+00, -0.43932893E-01
      163., -0.10391497E-01, -0.13030525E-01,  0.58461489E+00, -0.27013177E+00, -0.90629983E+00, -0.52478512E-01
      164., -0.83131974E-02, -0.10424420E-01,  0.58461489E+00, -0.27285611E+00, -0.90797391E+00, -0.40963497E-01
      165., -0.13770646E-01, -0.93886676E-02,  0.58461489E+00, -0.26907943E+00, -0.91098861E+00, -0.44011460E-01
      166., -0.11016517E-01, -0.75109341E-02,  0.58461489E+00, -0.27220277E+00, -0.91088493E+00, -0.34354317E-01
      167., -0.15926213E-01, -0.49125862E-02,  0.58461489E+00, -0.27085123E+00, -0.91545546E+00, -0.31633797E-01
      168., -0.12740971E-01, -0.39300690E-02,  0.58461489E+00, -0.27330278E+00, -0.91365816E+00, -0.24692605E-01
      169., -0.16666667E-01,  0.20410780E-17,  0.58039462E+00, -0.26955863E+00, -0.90053892E+00, -0.20827127E-01
      170., -0.13333333E-01,  0.16328624E-17,  0.58039462E+00, -0.27048337E+00, -0.89777362E+00, -0.16257186E-01
      171., -0.15926213E-01,  0.49125862E-02,  0.58039462E+00, -0.27427378E+00, -0.90052185E+00,  0.25883241E-03
      172., -0.12740971E-01,  0.39300690E-02,  0.58039462E+00, -0.27341077E+00, -0.89776303E+00,  0.20203163E-03
      173., -0.13770646E-01,  0.93886676E-02,  0.58039462E+00, -0.27816001E+00, -0.89785161E+00,  0.21321790E-01
      174., -0.11016517E-01,  0.75109341E-02,  0.58039462E+00, -0.27582353E+00, -0.89610521E+00,  0.16643293E-01
      175., -0.10391497E-01,  0.13030525E-01,  0.58039462E+00, -0.27986676E+00, -0.89345616E+00,  0.40490214E-01
      176., -0.83131974E-02,  0.10424420E-01,  0.58039462E+00, -0.27688317E+00, -0.89337630E+00,  0.31605727E-01
      177., -0.60890171E-02,  0.15514562E-01,  0.58039462E+00, -0.27880089E+00, -0.88886303E+00,  0.56060909E-01
      178., -0.48712137E-02,  0.12411650E-01,  0.58039462E+00, -0.27622143E+00, -0.89052466E+00,  0.43759856E-01
      179., -0.12455016E-02,  0.16620063E-01,  0.58039462E+00, -0.27533283E+00, -0.88566844E+00,  0.66650343E-01
      180., -0.99640125E-03,  0.13296051E-01,  0.58039462E+00, -0.27406828E+00, -0.88854131E+00,  0.52025728E-01
      181.,  0.37086822E-02,  0.16248799E-01,  0.58039462E+00, -0.27066780E+00, -0.88498257E+00,  0.71317602E-01
      182.,  0.29669458E-02,  0.12999039E-01,  0.58039462E+00, -0.27117200E+00, -0.88811548E+00,  0.55668885E-01
      183.,  0.83333333E-02,  0.14433757E-01,  0.58039462E+00, -0.26642699E+00, -0.88704377E+00,  0.69647977E-01
      184.,  0.66666667E-02,  0.11547005E-01,  0.58039462E+00, -0.26853910E+00, -0.88939518E+00,  0.54365617E-01
      185.,  0.12217531E-01,  0.11336212E-01,  0.58039462E+00, -0.26408421E+00, -0.89113576E+00,  0.61789825E-01
      186.,  0.97740250E-02,  0.90689698E-02,  0.58039462E+00, -0.26708459E+00, -0.89193569E+00,  0.48231725E-01
      187.,  0.15016148E-01,  0.72313957E-02,  0.58039462E+00, -0.26445360E+00, -0.89583646E+00,  0.48441377E-01
      188.,  0.12012918E-01,  0.57851165E-02,  0.58039462E+00, -0.26731392E+00, -0.89485412E+00,  0.37812235E-01
      189.,  0.16480514E-01,  0.24840378E-02,  0.58039462E+00, -0.26740679E+00, -0.89951227E+00,  0.30788699E-01
      190.,  0.13184411E-01,  0.19872302E-02,  0.58039462E+00, -0.26914741E+00, -0.89713624E+00,  0.24032960E-01
      191.,  0.16480514E-01, -0.24840378E-02,  0.58039462E+00, -0.27191750E+00, -0.90088578E+00,  0.10400307E-01
      192.,  0.13184411E-01, -0.19872302E-02,  0.58039462E+00, -0.27194787E+00, -0.89798898E+00,  0.81182488E-02
      193.,  0.15016148E-01, -0.72313957E-02,  0.58039462E+00, -0.27641815E+00, -0.89947966E+00, -0.10912195E-01
      194.,  0.12012918E-01, -0.57851165E-02,  0.58039462E+00, -0.27474210E+00, -0.89711600E+00, -0.85178014E-02
      195.,  0.12217531E-01, -0.11336212E-01,  0.58039462E+00, -0.27934466E+00, -0.89578256E+00, -0.31255098E-01
      196.,  0.97740250E-02, -0.90689698E-02,  0.58039462E+00, -0.27655902E+00, -0.89482065E+00, -0.24397006E-01
      197.,  0.83333333E-02, -0.14433757E-01,  0.58039462E+00, -0.27968001E+00, -0.89107930E+00, -0.48820852E-01
      198.,  0.66666667E-02, -0.11547005E-01,  0.58039462E+00, -0.27676722E+00, -0.89190064E+00, -0.38108433E-01
      199.,  0.37086822E-02, -0.16248799E-01,  0.58039462E+00, -0.27730765E+00, -0.88700439E+00, -0.62048660E-01
      200.,  0.29669458E-02, -0.12999039E-01,  0.58039462E+00, -0.27529435E+00, -0.88937074E+00, -0.48433758E-01
      201., -0.12455016E-02, -0.16620063E-01,  0.58039462E+00, -0.27305204E+00, -0.88497394E+00, -0.69763169E-01
      202., -0.99640125E-03, -0.13296051E-01,  0.58039462E+00, -0.27265226E+00, -0.88811013E+00, -0.54455530E-01
      203., -0.60890171E-02, -0.15514562E-01,  0.58039462E+00, -0.26839209E+00, -0.88569355E+00, -0.71278915E-01
      204., -0.48712137E-02, -0.12411650E-01,  0.58039462E+00, -0.26975913E+00, -0.88855689E+00, -0.55638689E-01
      205., -0.10391497E-01, -0.13030525E-01,  0.58039462E+00, -0.26494724E+00, -0.88891317E+00, -0.66461217E-01
      206., -0.83131974E-02, -0.10424420E-01,  0.58039462E+00, -0.26762040E+00, -0.89055579E+00, -0.51878106E-01
      207., -0.13770646E-01, -0.93886676E-02,  0.58039462E+00, -0.26391466E+00, -0.89351391E+00, -0.55738150E-01
      208., -0.11016517E-01, -0.75109341E-02,  0.58039462E+00, -0.26697933E+00, -0.89341215E+00, -0.43507928E-01
      209., -0.15926213E-01, -0.49125862E-02,  0.58039462E+00, -0.26565318E+00, -0.89789688E+00, -0.40062505E-01
      210., -0.12740971E-01, -0.39300690E-02,  0.58039462E+00, -0.26805868E+00, -0.89613332E+00, -0.31271880E-01
      211., -0.16666667E-01,  0.20410780E-17,  0.57601324E+00, -0.26278717E+00, -0.87792477E+00, -0.25277831E-01
      212., -0.13333333E-01,  0.16328624E-17,  0.57601324E+00, -0.26368918E+00, -0.87522742E+00, -0.19731324E-01
      213., -0.15926213E-01,  0.49125862E-02,  0.57601324E+00, -0.26738645E+00, -0.87790812E+00,  0.31414088E-03
      214., -0.12740971E-01,  0.39300690E-02,  0.57601324E+00, -0.26654465E+00, -0.87521709E+00,  0.24520318E-03
      215., -0.13770646E-01,  0.93886676E-02,  0.57601324E+00, -0.27117717E+00, -0.87530350E+00,  0.25878196E-01
      216., -0.11016517E-01,  0.75109341E-02,  0.57601324E+00, -0.26889812E+00, -0.87360001E+00,  0.20199939E-01
      217., -0.10391497E-01,  0.13030525E-01,  0.57601324E+00, -0.27284198E+00, -0.87101607E+00,  0.49142861E-01
      218., -0.83131974E-02,  0.10424420E-01,  0.57601324E+00, -0.26993172E+00, -0.87093816E+00,  0.38359823E-01
      219., -0.60890171E-02,  0.15514562E-01,  0.57601324E+00, -0.27180231E+00, -0.86653581E+00,  0.68040972E-01
      220., -0.48712137E-02,  0.12411650E-01,  0.57601324E+00, -0.26928624E+00, -0.86815659E+00,  0.53111273E-01
      221., -0.12455016E-02,  0.16620063E-01,  0.57601324E+00, -0.26841947E+00, -0.86341973E+00,  0.80893340E-01
      222., -0.99640125E-03,  0.13296051E-01,  0.57601324E+00, -0.26718600E+00, -0.86622197E+00,  0.63143550E-01
      223.,  0.37086822E-02,  0.16248799E-01,  0.57601324E+00, -0.26386908E+00, -0.86275071E+00,  0.86557980E-01
      224.,  0.29669458E-02,  0.12999039E-01,  0.57601324E+00, -0.26436088E+00, -0.86580661E+00,  0.67565245E-01
      225.,  0.83333333E-02,  0.14433757E-01,  0.57601324E+00, -0.25973250E+00, -0.86476126E+00,  0.84531563E-01
      226.,  0.66666667E-02,  0.11547005E-01,  0.57601324E+00, -0.26179268E+00, -0.86705486E+00,  0.65983471E-01
      227.,  0.12217531E-01,  0.11336212E-01,  0.57601324E+00, -0.25744728E+00, -0.86875270E+00,  0.74994146E-01
      228.,  0.97740250E-02,  0.90689698E-02,  0.57601324E+00, -0.26037391E+00, -0.86953295E+00,  0.58538776E-01
      229.,  0.15016148E-01,  0.72313957E-02,  0.57601324E+00, -0.25780759E+00, -0.87333788E+00,  0.58793172E-01
      230.,  0.12012918E-01,  0.57851165E-02,  0.57601324E+00, -0.26059761E+00, -0.87237966E+00,  0.45892657E-01
      231.,  0.16480514E-01,  0.24840378E-02,  0.57601324E+00, -0.26068821E+00, -0.87692336E+00,  0.37368167E-01
      232.,  0.13184411E-01,  0.19872302E-02,  0.57601324E+00, -0.26238604E+00, -0.87460571E+00,  0.29168772E-01
      233.,  0.16480514E-01, -0.24840378E-02,  0.57601324E+00, -0.26508807E+00, -0.87826311E+00,  0.12622828E-01
      234.,  0.13184411E-01, -0.19872302E-02,  0.57601324E+00, -0.26511770E+00, -0.87543750E+00,  0.98531094E-02
      235.,  0.15016148E-01, -0.72313957E-02,  0.57601324E+00, -0.26947812E+00, -0.87689154E+00, -0.13244097E-01
      236.,  0.12012918E-01, -0.57851165E-02,  0.57601324E+00, -0.26784326E+00, -0.87458596E+00, -0.10338040E-01
      237.,  0.12217531E-01, -0.11336212E-01,  0.57601324E+00, -0.27233271E+00, -0.87328530E+00, -0.37934225E-01
      238.,  0.97740250E-02, -0.90689698E-02,  0.57601324E+00, -0.26961554E+00, -0.87234702E+00, -0.29610609E-01
      239.,  0.83333333E-02, -0.14433757E-01,  0.57601324E+00, -0.27265982E+00, -0.86869762E+00, -0.59253734E-01
      240.,  0.66666667E-02, -0.11547005E-01,  0.57601324E+00, -0.26981863E+00, -0.86949876E+00, -0.46252148E-01
      241.,  0.37086822E-02, -0.16248799E-01,  0.57601324E+00, -0.27034577E+00, -0.86472285E+00, -0.75308289E-01
      242.,  0.29669458E-02, -0.12999039E-01,  0.57601324E+00, -0.26838194E+00, -0.86703102E+00, -0.58783981E-01
      243., -0.12455016E-02, -0.16620063E-01,  0.57601324E+00, -0.26619474E+00, -0.86274229E+00, -0.84671371E-01
      244., -0.99640125E-03, -0.13296051E-01,  0.57601324E+00, -0.26580477E+00, -0.86580138E+00, -0.66092597E-01
      245., -0.60890171E-02, -0.15514562E-01,  0.57601324E+00, -0.26164930E+00, -0.86344422E+00, -0.86511029E-01
      246., -0.48712137E-02, -0.12411650E-01,  0.57601324E+00, -0.26298274E+00, -0.86623717E+00, -0.67528596E-01
      247., -0.10391497E-01, -0.13030525E-01,  0.57601324E+00, -0.25828911E+00, -0.86658472E+00, -0.80663802E-01
      248., -0.83131974E-02, -0.10424420E-01,  0.57601324E+00, -0.26089656E+00, -0.86818695E+00, -0.62964383E-01
      249., -0.13770646E-01, -0.93886676E-02,  0.57601324E+00, -0.25728190E+00, -0.87107240E+00, -0.67649245E-01
      250., -0.11016517E-01, -0.75109341E-02,  0.57601324E+00, -0.26027124E+00, -0.87097313E+00, -0.52805510E-01
      251., -0.15926213E-01, -0.49125862E-02,  0.57601324E+00, -0.25897770E+00, -0.87534766E+00, -0.48623757E-01
      252., -0.12740971E-01, -0.39300690E-02,  0.57601324E+00, -0.26132407E+00, -0.87362742E+00, -0.37954637E-01
      253., -0.16666667E-01,  0.20410780E-17,  0.57146458E+00, -0.25439340E+00, -0.84989275E+00, -0.29769836E-01
      254., -0.13333333E-01,  0.16328624E-17,  0.57146458E+00, -0.25526724E+00, -0.84727963E+00, -0.23237712E-01
      255., -0.15926213E-01,  0.49125862E-02,  0.57146458E+00, -0.25884905E+00, -0.84987662E+00,  0.36995939E-03
      256., -0.12740971E-01,  0.39300690E-02,  0.57146458E+00, -0.25803354E+00, -0.84726962E+00,  0.28877319E-03
      257., -0.13770646E-01,  0.93886676E-02,  0.57146458E+00, -0.26252140E+00, -0.84735334E+00,  0.30476878E-01
      258., -0.11016517E-01,  0.75109341E-02,  0.57146458E+00, -0.26031352E+00, -0.84570304E+00,  0.23789596E-01
      259., -0.10391497E-01,  0.13030525E-01,  0.57146458E+00, -0.26413422E+00, -0.84319980E+00,  0.57875793E-01
      260., -0.83131974E-02,  0.10424420E-01,  0.57146458E+00, -0.26131484E+00, -0.84312430E+00,  0.45176609E-01
      261., -0.60890171E-02,  0.15514562E-01,  0.57146458E+00, -0.26312702E+00, -0.83885945E+00,  0.80132197E-01
      262., -0.48712137E-02,  0.12411650E-01,  0.57146458E+00, -0.26068952E+00, -0.84042959E+00,  0.62549488E-01
      263., -0.12455016E-02,  0.16620063E-01,  0.57146458E+00, -0.25984982E+00, -0.83584067E+00,  0.95268499E-01
      264., -0.99640125E-03,  0.13296051E-01,  0.57146458E+00, -0.25865486E+00, -0.83855538E+00,  0.74364567E-01
      265.,  0.37086822E-02,  0.16248799E-01,  0.57146458E+00, -0.25544153E+00, -0.83519255E+00,  0.10193977E+00
      266.,  0.29669458E-02,  0.12999039E-01,  0.57146458E+00, -0.25591797E+00, -0.83815299E+00,  0.79572028E-01
      267.,  0.83333333E-02,  0.14433757E-01,  0.57146458E+00, -0.25143412E+00, -0.83714031E+00,  0.99553255E-01
      268.,  0.66666667E-02,  0.11547005E-01,  0.57146458E+00, -0.25342996E+00, -0.83936226E+00,  0.77709162E-01
      269.,  0.12217531E-01,  0.11336212E-01,  0.57146458E+00, -0.24922027E+00, -0.84100710E+00,  0.88320992E-01
      270.,  0.97740250E-02,  0.90689698E-02,  0.57146458E+00, -0.25205549E+00, -0.84176297E+00,  0.68941499E-01
      271.,  0.15016148E-01,  0.72313957E-02,  0.57146458E+00, -0.24956933E+00, -0.84544909E+00,  0.69241024E-01
      272.,  0.12012918E-01,  0.57851165E-02,  0.57146458E+00, -0.25227220E+00, -0.84452079E+00,  0.54048083E-01
      273.,  0.16480514E-01,  0.24840378E-02,  0.57146458E+00, -0.25235999E+00, -0.84892261E+00,  0.44008685E-01
      274.,  0.13184411E-01,  0.19872302E-02,  0.57146458E+00, -0.25400479E+00, -0.84667733E+00,  0.34352256E-01
      275.,  0.16480514E-01, -0.24840378E-02,  0.57146458E+00, -0.25662245E+00, -0.85022052E+00,  0.14865975E-01
      276.,  0.13184411E-01, -0.19872302E-02,  0.57146458E+00, -0.25665115E+00, -0.84748314E+00,  0.11604074E-01
      277.,  0.15016148E-01, -0.72313957E-02,  0.57146458E+00, -0.26087541E+00, -0.84889179E+00, -0.15597635E-01
      278.,  0.12012918E-01, -0.57851165E-02,  0.57146458E+00, -0.25929161E+00, -0.84665819E+00, -0.12175174E-01
      279.,  0.12217531E-01, -0.11336212E-01,  0.57146458E+00, -0.26364086E+00, -0.84539816E+00, -0.44675325E-01
      280.,  0.97740250E-02, -0.90689698E-02,  0.57146458E+00, -0.26100854E+00, -0.84448916E+00, -0.34872603E-01
      281.,  0.83333333E-02, -0.14433757E-01,  0.57146458E+00, -0.26395776E+00, -0.84095374E+00, -0.69783420E-01
      282.,  0.66666667E-02, -0.11547005E-01,  0.57146458E+00, -0.26120529E+00, -0.84172984E+00, -0.54471451E-01
      283.,  0.37086822E-02, -0.16248799E-01,  0.57146458E+00, -0.26171596E+00, -0.83710310E+00, -0.88690955E-01
      284.,  0.29669458E-02, -0.12999039E-01,  0.57146458E+00, -0.25981347E+00, -0.83933916E+00, -0.69230274E-01
      285., -0.12455016E-02, -0.16620063E-01,  0.57146458E+00, -0.25769456E+00, -0.83518438E+00, -0.99717905E-01
      286., -0.99640125E-03, -0.13296051E-01,  0.57146458E+00, -0.25731677E+00, -0.83814792E+00, -0.77837680E-01
      287., -0.60890171E-02, -0.15514562E-01,  0.57146458E+00, -0.25329107E+00, -0.83586439E+00, -0.10188448E+00
      288., -0.48712137E-02, -0.12411650E-01,  0.57146458E+00, -0.25458285E+00, -0.83857010E+00, -0.79528866E-01
      289., -0.10391497E-01, -0.13030525E-01,  0.57146458E+00, -0.25003581E+00, -0.83890682E+00, -0.94998174E-01
      290., -0.83131974E-02, -0.10424420E-01,  0.57146458E+00, -0.25256182E+00, -0.84045899E+00, -0.74153564E-01
      291., -0.13770646E-01, -0.93886676E-02,  0.57146458E+00, -0.24906005E+00, -0.84325436E+00, -0.79670866E-01
      292., -0.11016517E-01, -0.75109341E-02,  0.57146458E+00, -0.25195602E+00, -0.84315817E+00, -0.62189395E-01
      293., -0.15926213E-01, -0.49125862E-02,  0.57146458E+00, -0.25070289E+00, -0.84739611E+00, -0.57264452E-01
      294., -0.12740971E-01, -0.39300690E-02,  0.57146458E+00, -0.25297598E+00, -0.84572959E+00, -0.44699426E-01
      295., -0.16666667E-01,  0.20410780E-17,  0.56674226E+00, -0.24425537E+00, -0.81603561E+00, -0.34270155E-01
      296., -0.13333333E-01,  0.16328624E-17,  0.56674226E+00, -0.24509518E+00, -0.81352421E+00, -0.26750601E-01
      297., -0.15926213E-01,  0.49125862E-02,  0.56674226E+00, -0.24853757E+00, -0.81602012E+00,  0.42587959E-03
      298., -0.12740971E-01,  0.39300690E-02,  0.56674226E+00, -0.24775380E+00, -0.81351459E+00,  0.33242313E-03
      299., -0.13770646E-01,  0.93886676E-02,  0.56674226E+00, -0.25206695E+00, -0.81359506E+00,  0.35084065E-01
      300., -0.11016517E-01,  0.75109341E-02,  0.56674226E+00, -0.24994503E+00, -0.81200899E+00,  0.27385903E-01
      301., -0.10391497E-01,  0.13030525E-01,  0.56674226E+00, -0.25361699E+00, -0.80960321E+00,  0.66624880E-01
      302., -0.83131974E-02,  0.10424420E-01,  0.56674226E+00, -0.25090738E+00, -0.80953063E+00,  0.52006029E-01
      303., -0.60890171E-02,  0.15514562E-01,  0.56674226E+00, -0.25264899E+00, -0.80543183E+00,  0.92245790E-01
      304., -0.48712137E-02,  0.12411650E-01,  0.56674226E+00, -0.25030639E+00, -0.80694082E+00,  0.72005196E-01
      305., -0.12455016E-02,  0.16620063E-01,  0.56674226E+00, -0.24949938E+00, -0.80253057E+00,  0.10967025E+00
      306., -0.99640125E-03,  0.13296051E-01,  0.56674226E+00, -0.24835094E+00, -0.80513957E+00,  0.85606381E-01
      307.,  0.37086822E-02,  0.16248799E-01,  0.56674226E+00, -0.24526269E+00, -0.80190767E+00,  0.11735003E+00
      308.,  0.29669458E-02,  0.12999039E-01,  0.56674226E+00, -0.24572058E+00, -0.80475284E+00,  0.91601063E-01
      309.,  0.83333333E-02,  0.14433757E-01,  0.56674226E+00, -0.24141129E+00, -0.80377961E+00,  0.11460274E+00
      310.,  0.66666667E-02,  0.11547005E-01,  0.56674226E+00, -0.24332942E+00, -0.80591504E+00,  0.89456588E-01
      311.,  0.12217531E-01,  0.11336212E-01,  0.56674226E+00, -0.23928362E+00, -0.80749587E+00,  0.10167250E+00
      312.,  0.97740250E-02,  0.90689698E-02,  0.56674226E+00, -0.24200845E+00, -0.80822229E+00,  0.79363503E-01
      313.,  0.15016148E-01,  0.72313957E-02,  0.56674226E+00, -0.23961909E+00, -0.81176494E+00,  0.79708208E-01
      314.,  0.12012918E-01,  0.57851165E-02,  0.56674226E+00, -0.24221673E+00, -0.81087277E+00,  0.62218626E-01
      315.,  0.16480514E-01,  0.24840378E-02,  0.56674226E+00, -0.24230112E+00, -0.81510324E+00,  0.50661492E-01
      316.,  0.13184411E-01,  0.19872302E-02,  0.56674226E+00, -0.24388187E+00, -0.81294536E+00,  0.39545348E-01
      317.,  0.16480514E-01, -0.24840378E-02,  0.56674226E+00, -0.24639764E+00, -0.81635063E+00,  0.17113274E-01
      318.,  0.13184411E-01, -0.19872302E-02,  0.56674226E+00, -0.24642522E+00, -0.81371981E+00,  0.13358286E-01
      319.,  0.15016148E-01, -0.72313957E-02,  0.56674226E+00, -0.25048504E+00, -0.81507362E+00, -0.17955525E-01
      320.,  0.12012918E-01, -0.57851165E-02,  0.56674226E+00, -0.24896289E+00, -0.81292697E+00, -0.14015711E-01
      321.,  0.12217531E-01, -0.11336212E-01,  0.56674226E+00, -0.25314284E+00, -0.81171599E+00, -0.51428894E-01
      322.,  0.97740250E-02, -0.90689698E-02,  0.56674226E+00, -0.25061300E+00, -0.81084237E+00, -0.40144348E-01
      323.,  0.83333333E-02, -0.14433757E-01,  0.56674226E+00, -0.25344740E+00, -0.80744459E+00, -0.80332587E-01
      324.,  0.66666667E-02, -0.11547005E-01,  0.56674226E+00, -0.25080209E+00, -0.80819045E+00, -0.62705989E-01
      325.,  0.37086822E-02, -0.16248799E-01,  0.56674226E+00, -0.25129288E+00, -0.80374384E+00, -0.10209838E+00
      326.,  0.29669458E-02, -0.12999039E-01,  0.56674226E+00, -0.24946445E+00, -0.80589283E+00, -0.79695928E-01
      327., -0.12455016E-02, -0.16620063E-01,  0.56674226E+00, -0.24742802E+00, -0.80189982E+00, -0.11479228E+00
      328., -0.99640125E-03, -0.13296051E-01,  0.56674226E+00, -0.24706493E+00, -0.80474796E+00, -0.89604532E-01
      329., -0.60890171E-02, -0.15514562E-01,  0.56674226E+00, -0.24319595E+00, -0.80255336E+00, -0.11728638E+00
      330., -0.48712137E-02, -0.12411650E-01,  0.56674226E+00, -0.24443744E+00, -0.80515371E+00, -0.91551379E-01
      331., -0.10391497E-01, -0.13030525E-01,  0.56674226E+00, -0.24006741E+00, -0.80547735E+00, -0.10935907E+00
      332., -0.83131974E-02, -0.10424420E-01,  0.56674226E+00, -0.24249507E+00, -0.80696908E+00, -0.85363485E-01
      333., -0.13770646E-01, -0.93886676E-02,  0.56674226E+00, -0.23912964E+00, -0.80965564E+00, -0.91714729E-01
      334., -0.11016517E-01, -0.75109341E-02,  0.56674226E+00, -0.24191285E+00, -0.80956319E+00, -0.71590674E-01
      335., -0.15926213E-01, -0.49125862E-02,  0.56674226E+00, -0.24070853E+00, -0.81363617E+00, -0.65921136E-01
      336., -0.12740971E-01, -0.39300690E-02,  0.56674226E+00, -0.24289311E+00, -0.81203451E+00, -0.51456718E-01
      337., -0.16666667E-01,  0.20410780E-17,  0.56183965E+00, -0.23225567E+00, -0.77596131E+00, -0.38739910E-01
      338., -0.13333333E-01,  0.16328624E-17,  0.56183965E+00, -0.23305521E+00, -0.77357031E+00, -0.30239647E-01
      339., -0.15926213E-01,  0.49125862E-02,  0.56183965E+00, -0.23633259E+00, -0.77594656E+00,  0.48141475E-03
      340., -0.12740971E-01,  0.39300690E-02,  0.56183965E+00, -0.23558639E+00, -0.77356115E+00,  0.37577258E-03
      341., -0.13770646E-01,  0.93886676E-02,  0.56183965E+00, -0.23969279E+00, -0.77363776E+00,  0.39659957E-01
      342., -0.11016517E-01,  0.75109341E-02,  0.56183965E+00, -0.23767259E+00, -0.77212771E+00,  0.30957796E-01
      343., -0.10391497E-01,  0.13030525E-01,  0.56183965E+00, -0.24116852E+00, -0.76983727E+00,  0.75314541E-01
      344., -0.83131974E-02,  0.10424420E-01,  0.56183965E+00, -0.23858880E+00, -0.76976816E+00,  0.58789087E-01
      345., -0.60890171E-02,  0.15514562E-01,  0.56183965E+00, -0.24024692E+00, -0.76586585E+00,  0.10427710E+00
      346., -0.48712137E-02,  0.12411650E-01,  0.56183965E+00, -0.23801663E+00, -0.76730248E+00,  0.81396714E-01
      347., -0.12455016E-02,  0.16620063E-01,  0.56183965E+00, -0.23724829E+00, -0.76310367E+00,  0.12397419E+00
      348., -0.99640125E-03,  0.13296051E-01,  0.56183965E+00, -0.23615491E+00, -0.76558757E+00,  0.96771882E-01
      349.,  0.37086822E-02,  0.16248799E-01,  0.56183965E+00, -0.23321470E+00, -0.76251063E+00,  0.13265561E+00
      350.,  0.29669458E-02,  0.12999039E-01,  0.56183965E+00, -0.23365063E+00, -0.76521938E+00,  0.10354844E+00
      351.,  0.83333333E-02,  0.14433757E-01,  0.56183965E+00, -0.22954792E+00, -0.76429283E+00,  0.12955001E+00
      352.,  0.66666667E-02,  0.11547005E-01,  0.56183965E+00, -0.23137409E+00, -0.76632587E+00,  0.10112427E+00
      353.,  0.12217531E-01,  0.11336212E-01,  0.56183965E+00, -0.22752224E+00, -0.76783094E+00,  0.11493332E+00
      354.,  0.97740250E-02,  0.90689698E-02,  0.56183965E+00, -0.23011644E+00, -0.76852253E+00,  0.89714763E-01
      355.,  0.15016148E-01,  0.72313957E-02,  0.56183965E+00, -0.22784163E+00, -0.77189537E+00,  0.90104300E-01
      356.,  0.12012918E-01,  0.57851165E-02,  0.56183965E+00, -0.23031473E+00, -0.77104595E+00,  0.70333708E-01
      357.,  0.16480514E-01,  0.24840378E-02,  0.56183965E+00, -0.23039509E+00, -0.77507364E+00,  0.57269117E-01
      358.,  0.13184411E-01,  0.19872302E-02,  0.56183965E+00, -0.23190006E+00, -0.77301920E+00,  0.44703191E-01
      359.,  0.16480514E-01, -0.24840378E-02,  0.56183965E+00, -0.23429524E+00, -0.77626123E+00,  0.19345313E-01
      360.,  0.13184411E-01, -0.19872302E-02,  0.56183965E+00, -0.23432149E+00, -0.77375652E+00,  0.15100593E-01
      361.,  0.15016148E-01, -0.72313957E-02,  0.56183965E+00, -0.23818670E+00, -0.77504544E+00, -0.20297397E-01
      362.,  0.12012918E-01, -0.57851165E-02,  0.56183965E+00, -0.23673753E+00, -0.77300169E+00, -0.15843751E-01
      363.,  0.12217531E-01, -0.11336212E-01,  0.56183965E+00, -0.24071709E+00, -0.77184877E+00, -0.58136591E-01
      364.,  0.97740250E-02, -0.90689698E-02,  0.56183965E+00, -0.23830854E+00, -0.77101702E+00, -0.45380305E-01
      365.,  0.83333333E-02, -0.14433757E-01,  0.56183965E+00, -0.24100706E+00, -0.76778213E+00, -0.90810101E-01
      366.,  0.66666667E-02, -0.11547005E-01,  0.56183965E+00, -0.23848856E+00, -0.76849222E+00, -0.70884627E-01
      367.,  0.37086822E-02, -0.16248799E-01,  0.56183965E+00, -0.23895582E+00, -0.76425878E+00, -0.11541473E+00
      368.,  0.29669458E-02, -0.12999039E-01,  0.56183965E+00, -0.23721504E+00, -0.76630473E+00, -0.90090539E-01
      369., -0.12455016E-02, -0.16620063E-01,  0.56183965E+00, -0.23527623E+00, -0.76250316E+00, -0.12976426E+00
      370., -0.99640125E-03, -0.13296051E-01,  0.56183965E+00, -0.23493055E+00, -0.76521474E+00, -0.10129151E+00
      371., -0.60890171E-02, -0.15514562E-01,  0.56183965E+00, -0.23124704E+00, -0.76312537E+00, -0.13258366E+00
      372., -0.48712137E-02, -0.12411650E-01,  0.56183965E+00, -0.23242900E+00, -0.76560104E+00, -0.10349228E+00
      373., -0.10391497E-01, -0.13030525E-01,  0.56183965E+00, -0.22826847E+00, -0.76590919E+00, -0.12362242E+00
      374., -0.83131974E-02, -0.10424420E-01,  0.56183965E+00, -0.23057974E+00, -0.76732939E+00, -0.96497311E-01
      375., -0.13770646E-01, -0.93886676E-02,  0.56183965E+00, -0.22737566E+00, -0.76988719E+00, -0.10367679E+00
      376., -0.11016517E-01, -0.75109341E-02,  0.56183965E+00, -0.23002543E+00, -0.76979915E+00, -0.80928136E-01
      377., -0.15926213E-01, -0.49125862E-02,  0.56183965E+00, -0.22887885E+00, -0.77367689E+00, -0.74519026E-01
      378., -0.12740971E-01, -0.39300690E-02,  0.56183965E+00, -0.23095870E+00, -0.77215201E+00, -0.58168141E-01
      379., -0.16666667E-01,  0.20410780E-17,  0.55674988E+00, -0.21828495E+00, -0.72930474E+00, -0.43133841E-01
      380., -0.13333333E-01,  0.16328624E-17,  0.55674988E+00, -0.21903762E+00, -0.72705388E+00, -0.33669519E-01
      381., -0.15926213E-01,  0.49125862E-02,  0.55674988E+00, -0.22212291E+00, -0.72929086E+00,  0.53600502E-03
      382., -0.12740971E-01,  0.39300690E-02,  0.55674988E+00, -0.22142045E+00, -0.72704526E+00,  0.41838567E-03
      383., -0.13770646E-01,  0.93886676E-02,  0.55674988E+00, -0.22528616E+00, -0.72711738E+00,  0.44158216E-01
      384., -0.11016517E-01,  0.75109341E-02,  0.55674988E+00, -0.22338438E+00, -0.72569584E+00,  0.34469107E-01
      385., -0.10391497E-01,  0.13030525E-01,  0.55674988E+00, -0.22667539E+00, -0.72353965E+00,  0.83856778E-01
      386., -0.83131974E-02,  0.10424420E-01,  0.55674988E+00, -0.22424689E+00, -0.72347457E+00,  0.65457099E-01
      387., -0.60890171E-02,  0.15514562E-01,  0.55674988E+00, -0.22580782E+00, -0.71980100E+00,  0.11610431E+00
      388., -0.48712137E-02,  0.12411650E-01,  0.55674988E+00, -0.22370825E+00, -0.72115341E+00,  0.90628948E-01
      389., -0.12455016E-02,  0.16620063E-01,  0.55674988E+00, -0.22298494E+00, -0.71720072E+00,  0.13803545E+00
      390., -0.99640125E-03,  0.13296051E-01,  0.55674988E+00, -0.22195565E+00, -0.71953901E+00,  0.10774801E+00
      391.,  0.37086822E-02,  0.16248799E-01,  0.55674988E+00, -0.21918777E+00, -0.71664244E+00,  0.14770154E+00
      392.,  0.29669458E-02,  0.12999039E-01,  0.55674988E+00, -0.21959814E+00, -0.71919240E+00,  0.11529319E+00
      393.,  0.83333333E-02,  0.14433757E-01,  0.55674988E+00, -0.21573591E+00, -0.71832019E+00,  0.14424370E+00
      394.,  0.66666667E-02,  0.11547005E-01,  0.55674988E+00, -0.21745503E+00, -0.72023404E+00,  0.11259406E+00
      395.,  0.12217531E-01,  0.11336212E-01,  0.55674988E+00, -0.21382897E+00, -0.72165092E+00,  0.12796917E+00
      396.,  0.97740250E-02,  0.90689698E-02,  0.55674988E+00, -0.21627109E+00, -0.72230195E+00,  0.99890462E-01
      397.,  0.15016148E-01,  0.72313957E-02,  0.55674988E+00, -0.21412964E+00, -0.72547712E+00,  0.10032403E+00
      398.,  0.12012918E-01,  0.57851165E-02,  0.55674988E+00, -0.21645777E+00, -0.72467748E+00,  0.78311156E-01
      399.,  0.16480514E-01,  0.24840378E-02,  0.55674988E+00, -0.21653343E+00, -0.72846910E+00,  0.63764647E-01
      400.,  0.13184411E-01,  0.19872302E-02,  0.55674988E+00, -0.21795018E+00, -0.72653507E+00,  0.49773559E-01
      401.,  0.16480514E-01, -0.24840378E-02,  0.55674988E+00, -0.22020498E+00, -0.72958709E+00,  0.21539490E-01
      402.,  0.13184411E-01, -0.19872302E-02,  0.55674988E+00, -0.22022969E+00, -0.72722919E+00,  0.16813353E-01
      403.,  0.15016148E-01, -0.72313957E-02,  0.55674988E+00, -0.22386835E+00, -0.72844256E+00, -0.22599534E-01
      404.,  0.12012918E-01, -0.57851165E-02,  0.55674988E+00, -0.22250412E+00, -0.72651859E+00, -0.17640783E-01
      405.,  0.12217531E-01, -0.11336212E-01,  0.55674988E+00, -0.22625043E+00, -0.72543325E+00, -0.64730487E-01
      406.,  0.97740250E-02, -0.90689698E-02,  0.55674988E+00, -0.22398306E+00, -0.72465024E+00, -0.50527456E-01
      407.,  0.83333333E-02, -0.14433757E-01,  0.55674988E+00, -0.22652340E+00, -0.72160497E+00, -0.10110986E+00
      408.,  0.66666667E-02, -0.11547005E-01,  0.55674988E+00, -0.22415253E+00, -0.72227342E+00, -0.78924548E-01
      409.,  0.37086822E-02, -0.16248799E-01,  0.55674988E+00, -0.22459239E+00, -0.71828814E+00, -0.12850518E+00
      410.,  0.29669458E-02, -0.12999039E-01,  0.55674988E+00, -0.22295365E+00, -0.72021414E+00, -0.10030885E+00
      411., -0.12455016E-02, -0.16620063E-01,  0.55674988E+00, -0.22112848E+00, -0.71663541E+00, -0.14448224E+00
      412., -0.99640125E-03, -0.13296051E-01,  0.55674988E+00, -0.22080305E+00, -0.71918804E+00, -0.11278027E+00
      413., -0.60890171E-02, -0.15514562E-01,  0.55674988E+00, -0.21733545E+00, -0.71722115E+00, -0.14762143E+00
      414., -0.48712137E-02, -0.12411650E-01,  0.55674988E+00, -0.21844812E+00, -0.71955169E+00, -0.11523066E+00
      415., -0.10391497E-01, -0.13030525E-01,  0.55674988E+00, -0.21453146E+00, -0.71984181E+00, -0.13764380E+00
      416., -0.83131974E-02, -0.10424420E-01,  0.55674988E+00, -0.21670724E+00, -0.72117874E+00, -0.10744230E+00
      417., -0.13770646E-01, -0.93886676E-02,  0.55674988E+00, -0.21369097E+00, -0.72358664E+00, -0.11543592E+00
      418., -0.11016517E-01, -0.75109341E-02,  0.55674988E+00, -0.21618542E+00, -0.72350375E+00, -0.90107233E-01
      419., -0.15926213E-01, -0.49125862E-02,  0.55674988E+00, -0.21510606E+00, -0.72715422E+00, -0.82971056E-01
      420., -0.12740971E-01, -0.39300690E-02,  0.55674988E+00, -0.21706399E+00, -0.72571871E+00, -0.64765739E-01
      421., -0.16666667E-01,  0.20410780E-17,  0.55146578E+00, -0.20224617E+00, -0.67574183E+00, -0.47399855E-01
      422., -0.13333333E-01,  0.16328624E-17,  0.55146578E+00, -0.20294504E+00, -0.67365183E+00, -0.36999559E-01
      423., -0.15926213E-01,  0.49125862E-02,  0.55146578E+00, -0.20580984E+00, -0.67572894E+00,  0.58900089E-03
      424., -0.12740971E-01,  0.39300690E-02,  0.55146578E+00, -0.20515758E+00, -0.67364383E+00,  0.45975550E-03
      425., -0.13770646E-01,  0.93886676E-02,  0.55146578E+00, -0.20874701E+00, -0.67371080E+00,  0.48525513E-01
      426., -0.11016517E-01,  0.75109341E-02,  0.55146578E+00, -0.20698115E+00, -0.67239084E+00,  0.37878210E-01
      427., -0.10391497E-01,  0.13030525E-01,  0.55146578E+00, -0.21003696E+00, -0.67038875E+00,  0.92150323E-01
      428., -0.83131974E-02,  0.10424420E-01,  0.55146578E+00, -0.20778203E+00, -0.67032832E+00,  0.71931022E-01
      429., -0.60890171E-02,  0.15514562E-01,  0.55146578E+00, -0.20923139E+00, -0.66691730E+00,  0.12758718E+00
      430., -0.48712137E-02,  0.12411650E-01,  0.55146578E+00, -0.20728189E+00, -0.66817303E+00,  0.99592455E-01
      431., -0.12455016E-02,  0.16620063E-01,  0.55146578E+00, -0.20661026E+00, -0.66450285E+00,  0.15168735E+00
      432., -0.99640125E-03,  0.13296051E-01,  0.55146578E+00, -0.20565453E+00, -0.66667400E+00,  0.11840466E+00
      433.,  0.37086822E-02,  0.16248799E-01,  0.55146578E+00, -0.20308447E+00, -0.66398447E+00,  0.16230944E+00
      434.,  0.29669458E-02,  0.12999039E-01,  0.55146578E+00, -0.20346550E+00, -0.66635216E+00,  0.12669608E+00
      435.,  0.83333333E-02,  0.14433757E-01,  0.55146578E+00, -0.19987930E+00, -0.66554231E+00,  0.15850961E+00
      436.,  0.66666667E-02,  0.11547005E-01,  0.55146578E+00, -0.20147554E+00, -0.66731936E+00,  0.12373001E+00
      437.,  0.12217531E-01,  0.11336212E-01,  0.55146578E+00, -0.19810864E+00, -0.66863500E+00,  0.14062552E+00
      438.,  0.97740250E-02,  0.90689698E-02,  0.55146578E+00, -0.20037621E+00, -0.66923949E+00,  0.10976998E+00
      439.,  0.15016148E-01,  0.72313957E-02,  0.55146578E+00, -0.19838782E+00, -0.67218776E+00,  0.11024623E+00
      440.,  0.12012918E-01,  0.57851165E-02,  0.55146578E+00, -0.20054955E+00, -0.67144526E+00,  0.86056406E-01
      441.,  0.16480514E-01,  0.24840378E-02,  0.55146578E+00, -0.20061983E+00, -0.67496591E+00,  0.70071079E-01
      442.,  0.13184411E-01,  0.19872302E-02,  0.55146578E+00, -0.20193531E+00, -0.67317010E+00,  0.54696344E-01
      443.,  0.16480514E-01, -0.24840378E-02,  0.55146578E+00, -0.20402899E+00, -0.67600400E+00,  0.23669793E-01
      444.,  0.13184411E-01, -0.19872302E-02,  0.55146578E+00, -0.20405192E+00, -0.67381461E+00,  0.18476262E-01
      445.,  0.15016148E-01, -0.72313957E-02,  0.55146578E+00, -0.20743054E+00, -0.67494126E+00, -0.24834645E-01
      446.,  0.12012918E-01, -0.57851165E-02,  0.55146578E+00, -0.20616382E+00, -0.67315480E+00, -0.19385507E-01
      447.,  0.12217531E-01, -0.11336212E-01,  0.55146578E+00, -0.20964238E+00, -0.67214702E+00, -0.71132413E-01
      448.,  0.97740250E-02, -0.90689698E-02,  0.55146578E+00, -0.20753706E+00, -0.67141997E+00, -0.55524785E-01
      449.,  0.83333333E-02, -0.14433757E-01,  0.55146578E+00, -0.20989584E+00, -0.66859234E+00, -0.11110976E+00
      450.,  0.66666667E-02, -0.11547005E-01,  0.55146578E+00, -0.20769442E+00, -0.66921300E+00, -0.86730449E-01
      451.,  0.37086822E-02, -0.16248799E-01,  0.55146578E+00, -0.20810283E+00, -0.66551256E+00, -0.14121452E+00
      452.,  0.29669458E-02, -0.12999039E-01,  0.55146578E+00, -0.20658122E+00, -0.66730089E+00, -0.11022973E+00
      453., -0.12455016E-02, -0.16620063E-01,  0.55146578E+00, -0.20488648E+00, -0.66397795E+00, -0.15877175E+00
      454., -0.99640125E-03, -0.13296051E-01,  0.55146578E+00, -0.20458431E+00, -0.66634811E+00, -0.12393462E+00
      455., -0.60890171E-02, -0.15514562E-01,  0.55146578E+00, -0.20136453E+00, -0.66452183E+00, -0.16222140E+00
      456., -0.48712137E-02, -0.12411650E-01,  0.55146578E+00, -0.20239767E+00, -0.66668578E+00, -0.12662737E+00
      457., -0.10391497E-01, -0.13030525E-01,  0.55146578E+00, -0.19876093E+00, -0.66695519E+00, -0.15125698E+00
      458., -0.83131974E-02, -0.10424420E-01,  0.55146578E+00, -0.20078120E+00, -0.66819656E+00, -0.11806872E+00
      459., -0.13770646E-01, -0.93886676E-02,  0.55146578E+00, -0.19798051E+00, -0.67043239E+00, -0.12685271E+00
      460., -0.11016517E-01, -0.75109341E-02,  0.55146578E+00, -0.20029667E+00, -0.67035541E+00, -0.99019154E-01
      461., -0.15926213E-01, -0.49125862E-02,  0.55146578E+00, -0.19929447E+00, -0.67374500E+00, -0.91177028E-01
      462., -0.12740971E-01, -0.39300690E-02,  0.55146578E+00, -0.20111245E+00, -0.67241208E+00, -0.71171302E-01
      463., -0.16666667E-01,  0.20410780E-17,  0.54597994E+00, -0.18405957E+00, -0.61500631E+00, -0.51478680E-01
      464., -0.13333333E-01,  0.16328624E-17,  0.54597994E+00, -0.18469745E+00, -0.61309870E+00, -0.40183503E-01
      465., -0.15926213E-01,  0.49125862E-02,  0.54597994E+00, -0.18731227E+00, -0.61499455E+00,  0.63966832E-03
      466., -0.12740971E-01,  0.39300690E-02,  0.54597994E+00, -0.18671693E+00, -0.61309139E+00,  0.49930647E-03
      467., -0.13770646E-01,  0.93886676E-02,  0.54597994E+00, -0.18999315E+00, -0.61315251E+00,  0.52701169E-01
      468., -0.11016517E-01,  0.75109341E-02,  0.54597994E+00, -0.18838139E+00, -0.61194773E+00,  0.41137741E-01
      469., -0.10391497E-01,  0.13030525E-01,  0.54597994E+00, -0.19117053E+00, -0.61012035E+00,  0.10007994E+00
      470., -0.83131974E-02,  0.10424420E-01,  0.54597994E+00, -0.18911239E+00, -0.61006518E+00,  0.78120909E-01
      471., -0.60890171E-02,  0.15514562E-01,  0.54597994E+00, -0.19043526E+00, -0.60695182E+00,  0.13856618E+00
      472., -0.48712137E-02,  0.12411650E-01,  0.54597994E+00, -0.18865588E+00, -0.60809795E+00,  0.10816270E+00
      473., -0.12455016E-02,  0.16620063E-01,  0.54597994E+00, -0.18804285E+00, -0.60474806E+00,  0.16474020E+00
      474., -0.99640125E-03,  0.13296051E-01,  0.54597994E+00, -0.18717052E+00, -0.60672972E+00,  0.12859376E+00
      475.,  0.37086822E-02,  0.16248799E-01,  0.54597994E+00, -0.18482472E+00, -0.60427491E+00,  0.17627633E+00
      476.,  0.29669458E-02,  0.12999039E-01,  0.54597994E+00, -0.18517250E+00, -0.60643596E+00,  0.13759869E+00
      477.,  0.83333333E-02,  0.14433757E-01,  0.54597994E+00, -0.18189924E+00, -0.60569681E+00,  0.17214954E+00
      478.,  0.66666667E-02,  0.11547005E-01,  0.54597994E+00, -0.18335618E+00, -0.60731877E+00,  0.13437737E+00
      479.,  0.12217531E-01,  0.11336212E-01,  0.54597994E+00, -0.18028309E+00, -0.60851963E+00,  0.15272650E+00
      480.,  0.97740250E-02,  0.90689698E-02,  0.54597994E+00, -0.18235277E+00, -0.60907136E+00,  0.11921604E+00
      481.,  0.15016148E-01,  0.72313957E-02,  0.54597994E+00, -0.18053791E+00, -0.61176237E+00,  0.11973305E+00
      482.,  0.12012918E-01,  0.57851165E-02,  0.54597994E+00, -0.18251098E+00, -0.61108466E+00,  0.93461846E-01
      483.,  0.16480514E-01,  0.24840378E-02,  0.54597994E+00, -0.18257514E+00, -0.61429810E+00,  0.76100786E-01
      484.,  0.13184411E-01,  0.19872302E-02,  0.54597994E+00, -0.18377583E+00, -0.61265900E+00,  0.59403151E-01
      485.,  0.16480514E-01, -0.24840378E-02,  0.54597994E+00, -0.18568682E+00, -0.61524561E+00,  0.25706624E-01
      486.,  0.13184411E-01, -0.19872302E-02,  0.54597994E+00, -0.18570775E+00, -0.61324727E+00,  0.20066216E-01
      487.,  0.15016148E-01, -0.72313957E-02,  0.54597994E+00, -0.18879156E+00, -0.61427561E+00, -0.26971672E-01
      488.,  0.12012918E-01, -0.57851165E-02,  0.54597994E+00, -0.18763537E+00, -0.61264503E+00, -0.21053680E-01
      489.,  0.12217531E-01, -0.11336212E-01,  0.54597994E+00, -0.19081039E+00, -0.61172520E+00, -0.77253414E-01
      490.,  0.97740250E-02, -0.90689698E-02,  0.54597994E+00, -0.18888879E+00, -0.61106157E+00, -0.60302861E-01
      491.,  0.83333333E-02, -0.14433757E-01,  0.54597994E+00, -0.19104173E+00, -0.60848070E+00, -0.12067086E+00
      492.,  0.66666667E-02, -0.11547005E-01,  0.54597994E+00, -0.18903243E+00, -0.60904718E+00, -0.94193874E-01
      493.,  0.37086822E-02, -0.16248799E-01,  0.54597994E+00, -0.18940519E+00, -0.60566966E+00, -0.15336617E+00
      494.,  0.29669458E-02, -0.12999039E-01,  0.54597994E+00, -0.18801635E+00, -0.60730191E+00, -0.11971535E+00
      495., -0.12455016E-02, -0.16620063E-01,  0.54597994E+00, -0.18646949E+00, -0.60426896E+00, -0.17243422E+00
      496., -0.99640125E-03, -0.13296051E-01,  0.54597994E+00, -0.18619369E+00, -0.60643227E+00, -0.13459959E+00
      497., -0.60890171E-02, -0.15514562E-01,  0.54597994E+00, -0.18325487E+00, -0.60476538E+00, -0.17618073E+00
      498., -0.48712137E-02, -0.12411650E-01,  0.54597994E+00, -0.18419784E+00, -0.60674047E+00, -0.13752406E+00
      499., -0.10391497E-01, -0.13030525E-01,  0.54597994E+00, -0.18087847E+00, -0.60698640E+00, -0.16427281E+00
      500., -0.83131974E-02, -0.10424420E-01,  0.54597994E+00, -0.18272243E+00, -0.60811943E+00, -0.12822892E+00
      501., -0.13770646E-01, -0.93886676E-02,  0.54597994E+00, -0.18016615E+00, -0.61016018E+00, -0.13776854E+00
      502., -0.11016517E-01, -0.75109341E-02,  0.54597994E+00, -0.18228017E+00, -0.61008991E+00, -0.10754008E+00
      503., -0.15926213E-01, -0.49125862E-02,  0.54597994E+00, -0.18136544E+00, -0.61318373E+00, -0.99022923E-01
      504., -0.12740971E-01, -0.39300690E-02,  0.54597994E+00, -0.18302477E+00, -0.61196712E+00, -0.77295832E-01
      505., -0.16666667E-01,  0.20410780E-17,  0.54028467E+00, -0.16366860E+00, -0.54690934E+00, -0.55303623E-01
      506., -0.13333333E-01,  0.16328624E-17,  0.54028467E+00, -0.16423810E+00, -0.54520617E+00, -0.43169289E-01
      507., -0.15926213E-01,  0.49125862E-02,  0.54028467E+00, -0.16657270E+00, -0.54689883E+00,  0.68717566E-03
      508., -0.12740971E-01,  0.39300690E-02,  0.54028467E+00, -0.16604116E+00, -0.54519964E+00,  0.53639346E-03
      509., -0.13770646E-01,  0.93886676E-02,  0.54028467E+00, -0.16896626E+00, -0.54525421E+00,  0.56616903E-01
      510., -0.11016517E-01,  0.75109341E-02,  0.54028467E+00, -0.16752725E+00, -0.54417855E+00,  0.44194404E-01
      511., -0.10391497E-01,  0.13030525E-01,  0.54028467E+00, -0.17001746E+00, -0.54254702E+00,  0.10751597E+00
      512., -0.83131974E-02,  0.10424420E-01,  0.54028467E+00, -0.16817990E+00, -0.54249774E+00,  0.83925551E-01
      513., -0.60890171E-02,  0.15514562E-01,  0.54028467E+00, -0.16936099E+00, -0.53971807E+00,  0.14886179E+00
      514., -0.48712137E-02,  0.12411650E-01,  0.54028467E+00, -0.16777232E+00, -0.54074134E+00,  0.11619955E+00
      515., -0.12455016E-02,  0.16620063E-01,  0.54028467E+00, -0.16722498E+00, -0.53775049E+00,  0.17698057E+00
      516., -0.99640125E-03,  0.13296051E-01,  0.54028467E+00, -0.16644614E+00, -0.53951974E+00,  0.13814871E+00
      517.,  0.37086822E-02,  0.16248799E-01,  0.54028467E+00, -0.16435174E+00, -0.53732805E+00,  0.18937386E+00
      518.,  0.29669458E-02,  0.12999039E-01,  0.54028467E+00, -0.16466224E+00, -0.53925747E+00,  0.14782275E+00
      519.,  0.83333333E-02,  0.14433757E-01,  0.54028467E+00, -0.16173979E+00, -0.53859756E+00,  0.18494044E+00
      520.,  0.66666667E-02,  0.11547005E-01,  0.54028467E+00, -0.16304057E+00, -0.54004566E+00,  0.14436208E+00
      521.,  0.12217531E-01,  0.11336212E-01,  0.54028467E+00, -0.16029684E+00, -0.54111786E+00,  0.16407426E+00
      522.,  0.97740250E-02,  0.90689698E-02,  0.54028467E+00, -0.16214469E+00, -0.54161043E+00,  0.12807421E+00
      523.,  0.15016148E-01,  0.72313957E-02,  0.54028467E+00, -0.16052435E+00, -0.54401306E+00,  0.12862936E+00
      524.,  0.12012918E-01,  0.57851165E-02,  0.54028467E+00, -0.16228595E+00, -0.54340797E+00,  0.10040639E+00
      525.,  0.16480514E-01,  0.24840378E-02,  0.54028467E+00, -0.16234325E+00, -0.54627703E+00,  0.81755176E-01
      526.,  0.13184411E-01,  0.19872302E-02,  0.54028467E+00, -0.16341524E+00, -0.54481360E+00,  0.63817023E-01
      527.,  0.16480514E-01, -0.24840378E-02,  0.54028467E+00, -0.16512144E+00, -0.54712299E+00,  0.27616676E-01
      528.,  0.13184411E-01, -0.19872302E-02,  0.54028467E+00, -0.16514013E+00, -0.54533882E+00,  0.21557220E-01
      529.,  0.15016148E-01, -0.72313957E-02,  0.54028467E+00, -0.16789344E+00, -0.54625695E+00, -0.28975675E-01
      530.,  0.12012918E-01, -0.57851165E-02,  0.54028467E+00, -0.16686117E+00, -0.54480113E+00, -0.22618026E-01
      531.,  0.12217531E-01, -0.11336212E-01,  0.54028467E+00, -0.16969591E+00, -0.54397987E+00, -0.82993406E-01
      532.,  0.97740250E-02, -0.90689698E-02,  0.54028467E+00, -0.16798027E+00, -0.54338736E+00, -0.64783558E-01
      533.,  0.83333333E-02, -0.14433757E-01,  0.54028467E+00, -0.16990246E+00, -0.54108309E+00, -0.12963682E+00
      534.,  0.66666667E-02, -0.11547005E-01,  0.54028467E+00, -0.16810851E+00, -0.54158885E+00, -0.10119280E+00
      535.,  0.37086822E-02, -0.16248799E-01,  0.54028467E+00, -0.16844131E+00, -0.53857331E+00, -0.16476143E+00
      536.,  0.29669458E-02, -0.12999039E-01,  0.54028467E+00, -0.16720133E+00, -0.54003061E+00, -0.12861061E+00
      537., -0.12455016E-02, -0.16620063E-01,  0.54028467E+00, -0.16582024E+00, -0.53732273E+00, -0.18524627E+00
      538., -0.99640125E-03, -0.13296051E-01,  0.54028467E+00, -0.16557399E+00, -0.53925416E+00, -0.14460080E+00
      539., -0.60890171E-02, -0.15514562E-01,  0.54028467E+00, -0.16295013E+00, -0.53776594E+00, -0.18927115E+00
      540., -0.48712137E-02, -0.12411650E-01,  0.54028467E+00, -0.16379204E+00, -0.53952933E+00, -0.14774258E+00
      541., -0.10391497E-01, -0.13030525E-01,  0.54028467E+00, -0.16082842E+00, -0.53974893E+00, -0.17647847E+00
      542., -0.83131974E-02, -0.10424420E-01,  0.54028467E+00, -0.16247473E+00, -0.54076051E+00, -0.13775678E+00
      543., -0.13770646E-01, -0.93886676E-02,  0.54028467E+00, -0.16019243E+00, -0.54258257E+00, -0.14800490E+00
      544., -0.11016517E-01, -0.75109341E-02,  0.54028467E+00, -0.16207988E+00, -0.54251982E+00, -0.11553069E+00
      545., -0.15926213E-01, -0.49125862E-02,  0.54028467E+00, -0.16126320E+00, -0.54528208E+00, -0.10638045E+00
      546., -0.12740971E-01, -0.39300690E-02,  0.54028467E+00, -0.16274468E+00, -0.54419586E+00, -0.83039190E-01
      547., -0.16666667E-01,  0.20410780E-17,  0.53437196E+00, -0.14104661E+00, -0.47136205E+00, -0.58800499E-01
      548., -0.13333333E-01,  0.16328624E-17,  0.53437196E+00, -0.14154028E+00, -0.46988566E+00, -0.45899013E-01
      549., -0.15926213E-01,  0.49125862E-02,  0.53437196E+00, -0.14356405E+00, -0.47135295E+00,  0.73060227E-03
      550., -0.12740971E-01,  0.39300690E-02,  0.53437196E+00, -0.14310329E+00, -0.46988000E+00,  0.57029454E-03
      551., -0.13770646E-01,  0.93886676E-02,  0.53437196E+00, -0.14563891E+00, -0.46992730E+00,  0.60196773E-01
      552., -0.11016517E-01,  0.75109341E-02,  0.53437196E+00, -0.14439151E+00, -0.46899486E+00,  0.46988918E-01
      553., -0.10391497E-01,  0.13030525E-01,  0.53437196E+00, -0.14655016E+00, -0.46758056E+00,  0.11431420E+00
      554., -0.83131974E-02,  0.10424420E-01,  0.53437196E+00, -0.14495727E+00, -0.46753784E+00,  0.89232374E-01
      555., -0.60890171E-02,  0.15514562E-01,  0.53437196E+00, -0.14598109E+00, -0.46512827E+00,  0.15827432E+00
      556., -0.48712137E-02,  0.12411650E-01,  0.53437196E+00, -0.14460396E+00, -0.46601528E+00,  0.12354715E+00
      557., -0.12455016E-02,  0.16620063E-01,  0.53437196E+00, -0.14412948E+00, -0.46342267E+00,  0.18817106E+00
      558., -0.99640125E-03,  0.13296051E-01,  0.53437196E+00, -0.14345434E+00, -0.46495633E+00,  0.14688422E+00
      559.,  0.37086822E-02,  0.16248799E-01,  0.53437196E+00, -0.14163880E+00, -0.46305648E+00,  0.20134798E+00
      560.,  0.29669458E-02,  0.12999039E-01,  0.53437196E+00, -0.14190795E+00, -0.46472897E+00,  0.15716997E+00
      561.,  0.83333333E-02,  0.14433757E-01,  0.53437196E+00, -0.13937462E+00, -0.46415696E+00,  0.19663425E+00
      562.,  0.66666667E-02,  0.11547005E-01,  0.53437196E+00, -0.14050219E+00, -0.46541223E+00,  0.15349048E+00
      563.,  0.12217531E-01,  0.11336212E-01,  0.53437196E+00, -0.13812379E+00, -0.46634169E+00,  0.17444870E+00
      564.,  0.97740250E-02,  0.90689698E-02,  0.53437196E+00, -0.13972559E+00, -0.46676867E+00,  0.13617270E+00
      565.,  0.15016148E-01,  0.72313957E-02,  0.53437196E+00, -0.13832101E+00, -0.46885141E+00,  0.13676262E+00
      566.,  0.12012918E-01,  0.57851165E-02,  0.53437196E+00, -0.13984804E+00, -0.46832688E+00,  0.10675537E+00
      567.,  0.16480514E-01,  0.24840378E-02,  0.53437196E+00, -0.13989773E+00, -0.47081395E+00,  0.86924585E-01
      568.,  0.13184411E-01,  0.19872302E-02,  0.53437196E+00, -0.14082698E+00, -0.46954536E+00,  0.67852359E-01
      569.,  0.16480514E-01, -0.24840378E-02,  0.53437196E+00, -0.14230601E+00, -0.47154727E+00,  0.29362904E-01
      570.,  0.13184411E-01, -0.19872302E-02,  0.53437196E+00, -0.14232221E+00, -0.47000066E+00,  0.22920357E-01
      571.,  0.15016148E-01, -0.72313957E-02,  0.53437196E+00, -0.14470893E+00, -0.47079654E+00, -0.30807787E-01
      572.,  0.12012918E-01, -0.57851165E-02,  0.53437196E+00, -0.14381411E+00, -0.46953455E+00, -0.24048208E-01
      573.,  0.12217531E-01, -0.11336212E-01,  0.53437196E+00, -0.14627142E+00, -0.46882264E+00, -0.88241066E-01
      574.,  0.97740250E-02, -0.90689698E-02,  0.53437196E+00, -0.14478422E+00, -0.46830902E+00, -0.68879980E-01
      575.,  0.83333333E-02, -0.14433757E-01,  0.53437196E+00, -0.14645047E+00, -0.46631155E+00, -0.13783375E+00
      576.,  0.66666667E-02, -0.11547005E-01,  0.53437196E+00, -0.14489539E+00, -0.46674995E+00, -0.10759147E+00
      577.,  0.37086822E-02, -0.16248799E-01,  0.53437196E+00, -0.14518386E+00, -0.46413594E+00, -0.17517930E+00
      578.,  0.29669458E-02, -0.12999039E-01,  0.53437196E+00, -0.14410899E+00, -0.46539917E+00, -0.13674299E+00
      579., -0.12455016E-02, -0.16620063E-01,  0.53437196E+00, -0.14291178E+00, -0.46305186E+00, -0.19695940E+00
      580., -0.99640125E-03, -0.13296051E-01,  0.53437196E+00, -0.14269831E+00, -0.46472610E+00, -0.15374429E+00
      581., -0.60890171E-02, -0.15514562E-01,  0.53437196E+00, -0.14042381E+00, -0.46343606E+00, -0.20123879E+00
      582., -0.48712137E-02, -0.12411650E-01,  0.53437196E+00, -0.14115361E+00, -0.46496463E+00, -0.15708474E+00
      583., -0.10391497E-01, -0.13030525E-01,  0.53437196E+00, -0.13858459E+00, -0.46515502E+00, -0.18763723E+00
      584., -0.83131974E-02, -0.10424420E-01,  0.53437196E+00, -0.14001169E+00, -0.46603189E+00, -0.14646751E+00
      585., -0.13770646E-01, -0.93886676E-02,  0.53437196E+00, -0.13803328E+00, -0.46761137E+00, -0.15736328E+00
      586., -0.11016517E-01, -0.75109341E-02,  0.53437196E+00, -0.13966940E+00, -0.46755697E+00, -0.12283601E+00
      587., -0.15926213E-01, -0.49125862E-02,  0.53437196E+00, -0.13896148E+00, -0.46995146E+00, -0.11310692E+00
      588., -0.12740971E-01, -0.39300690E-02,  0.53437196E+00, -0.14024569E+00, -0.46900986E+00, -0.88289994E-01
      589., -0.16666667E-01,  0.20410780E-17,  0.52823351E+00, -0.11620462E+00, -0.38840125E+00, -0.61887803E-01
      590., -0.13333333E-01,  0.16328624E-17,  0.52823351E+00, -0.11661503E+00, -0.38717383E+00, -0.48309055E-01
      591., -0.15926213E-01,  0.49125862E-02,  0.52823351E+00, -0.11829752E+00, -0.38839368E+00,  0.76893491E-03
      592., -0.12740971E-01,  0.39300690E-02,  0.52823351E+00, -0.11791446E+00, -0.38716913E+00,  0.60021968E-03
      593., -0.13770646E-01,  0.93886676E-02,  0.52823351E+00, -0.12002249E+00, -0.38720845E+00,  0.63357337E-01
      594., -0.11016517E-01,  0.75109341E-02,  0.52823351E+00, -0.11898546E+00, -0.38643325E+00,  0.49456152E-01
      595., -0.10391497E-01,  0.13030525E-01,  0.52823351E+00, -0.12078007E+00, -0.38525745E+00,  0.12031616E+00
      596., -0.83131974E-02,  0.10424420E-01,  0.52823351E+00, -0.11945582E+00, -0.38522193E+00,  0.93917691E-01
      597., -0.60890171E-02,  0.15514562E-01,  0.52823351E+00, -0.12030697E+00, -0.38321871E+00,  0.16658439E+00
      598., -0.48712137E-02,  0.12411650E-01,  0.52823351E+00, -0.11916208E+00, -0.38395612E+00,  0.13003424E+00
      599., -0.12455016E-02,  0.16620063E-01,  0.52823351E+00, -0.11876760E+00, -0.38180074E+00,  0.19805084E+00
      600., -0.99640125E-03,  0.13296051E-01,  0.52823351E+00, -0.11820632E+00, -0.38307574E+00,  0.15459667E+00
      601.,  0.37086822E-02,  0.16248799E-01,  0.52823351E+00, -0.11669694E+00, -0.38149630E+00,  0.21191961E+00
      602.,  0.29669458E-02,  0.12999039E-01,  0.52823351E+00, -0.11692070E+00, -0.38288672E+00,  0.16542251E+00
      603.,  0.83333333E-02,  0.14433757E-01,  0.52823351E+00, -0.11481458E+00, -0.38241120E+00,  0.20695840E+00
      604.,  0.66666667E-02,  0.11547005E-01,  0.52823351E+00, -0.11575199E+00, -0.38345477E+00,  0.16154983E+00
      605.,  0.12217531E-01,  0.11336212E-01,  0.52823351E+00, -0.11377469E+00, -0.38422751E+00,  0.18360802E+00
      606.,  0.97740250E-02,  0.90689698E-02,  0.52823351E+00, -0.11510634E+00, -0.38458247E+00,  0.14332274E+00
      607.,  0.15016148E-01,  0.72313957E-02,  0.52823351E+00, -0.11393864E+00, -0.38631400E+00,  0.14394327E+00
      608.,  0.12012918E-01,  0.57851165E-02,  0.52823351E+00, -0.11520814E+00, -0.38587792E+00,  0.11236080E+00
      609.,  0.16480514E-01,  0.24840378E-02,  0.52823351E+00, -0.11524947E+00, -0.38794559E+00,  0.91488523E-01
      610.,  0.13184411E-01,  0.19872302E-02,  0.52823351E+00, -0.11602200E+00, -0.38689093E+00,  0.71415106E-01
      611.,  0.16480514E-01, -0.24840378E-02,  0.52823351E+00, -0.11725164E+00, -0.38855525E+00,  0.30904608E-01
      612.,  0.13184411E-01, -0.19872302E-02,  0.52823351E+00, -0.11726510E+00, -0.38726946E+00,  0.24123856E-01
      613.,  0.15016148E-01, -0.72313957E-02,  0.52823351E+00, -0.11924934E+00, -0.38793112E+00, -0.32425303E-01
      614.,  0.12012918E-01, -0.57851165E-02,  0.52823351E+00, -0.11850542E+00, -0.38688195E+00, -0.25310892E-01
      615.,  0.12217531E-01, -0.11336212E-01,  0.52823351E+00, -0.12054833E+00, -0.38629009E+00, -0.92874079E-01
      616.,  0.97740250E-02, -0.90689698E-02,  0.52823351E+00, -0.11931194E+00, -0.38586307E+00, -0.72496651E-01
      617.,  0.83333333E-02, -0.14433757E-01,  0.52823351E+00, -0.12069719E+00, -0.38420246E+00, -0.14507060E+00
      618.,  0.66666667E-02, -0.11547005E-01,  0.52823351E+00, -0.11940437E+00, -0.38456691E+00, -0.11324077E+00
      619.,  0.37086822E-02, -0.16248799E-01,  0.52823351E+00, -0.11964419E+00, -0.38239372E+00, -0.18437696E+00
      620.,  0.29669458E-02, -0.12999039E-01,  0.52823351E+00, -0.11875058E+00, -0.38344391E+00, -0.14392296E+00
      621., -0.12455016E-02, -0.16620063E-01,  0.52823351E+00, -0.11775526E+00, -0.38149245E+00, -0.20730061E+00
      622., -0.99640125E-03, -0.13296051E-01,  0.52823351E+00, -0.11757779E+00, -0.38288433E+00, -0.16181695E+00
      623., -0.60890171E-02, -0.15514562E-01,  0.52823351E+00, -0.11568685E+00, -0.38181186E+00, -0.21180469E+00
      624., -0.48712137E-02, -0.12411650E-01,  0.52823351E+00, -0.11629356E+00, -0.38308264E+00, -0.16533280E+00
      625., -0.10391497E-01, -0.13030525E-01,  0.52823351E+00, -0.11415778E+00, -0.38324094E+00, -0.19748900E+00
      626., -0.83131974E-02, -0.10424420E-01,  0.52823351E+00, -0.11534420E+00, -0.38396992E+00, -0.15415810E+00
      627., -0.13770646E-01, -0.93886676E-02,  0.52823351E+00, -0.11369944E+00, -0.38528306E+00, -0.16562554E+00
      628., -0.11016517E-01, -0.75109341E-02,  0.52823351E+00, -0.11505963E+00, -0.38523782E+00, -0.12928578E+00
      629., -0.15926213E-01, -0.49125862E-02,  0.52823351E+00, -0.11447111E+00, -0.38722853E+00, -0.11904554E+00
      630., -0.12740971E-01, -0.39300690E-02,  0.52823351E+00, -0.11553874E+00, -0.38644572E+00, -0.92925859E-01
      631., -0.16666667E-01,  0.20410780E-17,  0.52186071E+00, -0.89199785E-01, -0.29821796E+00, -0.64477165E-01
      632., -0.13333333E-01,  0.16328624E-17,  0.52186071E+00, -0.89519714E-01, -0.29726114E+00, -0.50330432E-01
      633., -0.15926213E-01,  0.49125862E-02,  0.52186071E+00, -0.90831298E-01, -0.29821206E+00,  0.80107803E-03
      634., -0.12740971E-01,  0.39300690E-02,  0.52186071E+00, -0.90532692E-01, -0.29725748E+00,  0.62531373E-03
      635., -0.13770646E-01,  0.93886676E-02,  0.52186071E+00, -0.92175992E-01, -0.29728812E+00,  0.66008131E-01
      636., -0.11016517E-01,  0.75109341E-02,  0.52186071E+00, -0.91367589E-01, -0.29668382E+00,  0.51525487E-01
      637., -0.10391497E-01,  0.13030525E-01,  0.52186071E+00, -0.92766554E-01, -0.29576723E+00,  0.12535007E+00
      638., -0.83131974E-02,  0.10424420E-01,  0.52186071E+00, -0.91734259E-01, -0.29573953E+00,  0.97847396E-01
      639., -0.60890171E-02,  0.15514562E-01,  0.52186071E+00, -0.92397750E-01, -0.29417794E+00,  0.17355413E+00
      640., -0.48712137E-02,  0.12411650E-01,  0.52186071E+00, -0.91505273E-01, -0.29475276E+00,  0.13547515E+00
      641., -0.12455016E-02,  0.16620063E-01,  0.52186071E+00, -0.91197747E-01, -0.29307256E+00,  0.20633713E+00
      642., -0.99640125E-03,  0.13296051E-01,  0.52186071E+00, -0.90760212E-01, -0.29406646E+00,  0.16106533E+00
      643.,  0.37086822E-02,  0.16248799E-01,  0.52186071E+00, -0.89583573E-01, -0.29283524E+00,  0.22078616E+00
      644.,  0.29669458E-02,  0.12999039E-01,  0.52186071E+00, -0.89757997E-01, -0.29391911E+00,  0.17234415E+00
      645.,  0.83333333E-02,  0.14433757E-01,  0.52186071E+00, -0.88116188E-01, -0.29354845E+00,  0.21561738E+00
      646.,  0.66666667E-02,  0.11547005E-01,  0.52186071E+00, -0.88846923E-01, -0.29436193E+00,  0.16830943E+00
      647.,  0.12217531E-01,  0.11336212E-01,  0.52186071E+00, -0.87305544E-01, -0.29496434E+00,  0.19129005E+00
      648.,  0.97740250E-02,  0.90689698E-02,  0.52186071E+00, -0.88343609E-01, -0.29524104E+00,  0.14931969E+00
      649.,  0.15016148E-01,  0.72313957E-02,  0.52186071E+00, -0.87433356E-01, -0.29659086E+00,  0.14996576E+00
      650.,  0.12012918E-01,  0.57851165E-02,  0.52186071E+00, -0.88422966E-01, -0.29625091E+00,  0.11706224E+00
      651.,  0.16480514E-01,  0.24840378E-02,  0.52186071E+00, -0.88455206E-01, -0.29786276E+00,  0.95316355E-01
      652.,  0.13184411E-01,  0.19872302E-02,  0.52186071E+00, -0.89057416E-01, -0.29704061E+00,  0.74403289E-01
      653.,  0.16480514E-01, -0.24840378E-02,  0.52186071E+00, -0.90015984E-01, -0.29833802E+00,  0.32197658E-01
      654.,  0.13184411E-01, -0.19872302E-02,  0.52186071E+00, -0.90026476E-01, -0.29733569E+00,  0.25133271E-01
      655.,  0.15016148E-01, -0.72313957E-02,  0.52186071E+00, -0.91573285E-01, -0.29785148E+00, -0.33781927E-01
      656.,  0.12012918E-01, -0.57851165E-02,  0.52186071E+00, -0.90993379E-01, -0.29703361E+00, -0.26369935E-01
      657.,  0.12217531E-01, -0.11336212E-01,  0.52186071E+00, -0.92585913E-01, -0.29657222E+00, -0.96759834E-01
      658.,  0.97740250E-02, -0.90689698E-02,  0.52186071E+00, -0.91622104E-01, -0.29623934E+00, -0.75530052E-01
      659.,  0.83333333E-02, -0.14433757E-01,  0.52186071E+00, -0.92701959E-01, -0.29494482E+00, -0.15114022E+00
      660.,  0.66666667E-02, -0.11547005E-01,  0.52186071E+00, -0.91694155E-01, -0.29522891E+00, -0.11797900E+00
      661.,  0.37086822E-02, -0.16248799E-01,  0.52186071E+00, -0.91881094E-01, -0.29353483E+00, -0.19209113E+00
      662.,  0.29669458E-02, -0.12999039E-01,  0.52186071E+00, -0.91184495E-01, -0.29435347E+00, -0.14994500E+00
      663., -0.12455016E-02, -0.16620063E-01,  0.52186071E+00, -0.90408588E-01, -0.29283224E+00, -0.21597389E+00
      664., -0.99640125E-03, -0.13296051E-01,  0.52186071E+00, -0.90270240E-01, -0.29391724E+00, -0.16858772E+00
      665., -0.60890171E-02, -0.15514562E-01,  0.52186071E+00, -0.88796170E-01, -0.29308123E+00, -0.22066643E+00
      666., -0.48712137E-02, -0.12411650E-01,  0.52186071E+00, -0.89269117E-01, -0.29407183E+00, -0.17225069E+00
      667., -0.10391497E-01, -0.13030525E-01,  0.52186071E+00, -0.87604191E-01, -0.29419526E+00, -0.20575179E+00
      668., -0.83131974E-02, -0.10424420E-01,  0.52186071E+00, -0.88529038E-01, -0.29476352E+00, -0.16060842E+00
      669., -0.13770646E-01, -0.93886676E-02,  0.52186071E+00, -0.87246894E-01, -0.29578719E+00, -0.17255520E+00
      670., -0.11016517E-01, -0.75109341E-02,  0.52186071E+00, -0.88307199E-01, -0.29575192E+00, -0.13469540E+00
      671., -0.15926213E-01, -0.49125862E-02,  0.52186071E+00, -0.87848443E-01, -0.29730377E+00, -0.12402633E+00
      672., -0.12740971E-01, -0.39300690E-02,  0.52186071E+00, -0.88680690E-01, -0.29669353E+00, -0.96814098E-01
      673., -0.16666667E-01,  0.20410780E-17,  0.51524461E+00, -0.60144854E-01, -0.20118873E+00, -0.66474195E-01
      674., -0.13333333E-01,  0.16328624E-17,  0.51524461E+00, -0.60367453E-01, -0.20052298E+00, -0.51889458E-01
      675., -0.15926213E-01,  0.49125862E-02,  0.51524461E+00, -0.61280058E-01, -0.20118462E+00,  0.82585978E-03
      676., -0.12740971E-01,  0.39300690E-02,  0.51524461E+00, -0.61072293E-01, -0.20052044E+00,  0.64466242E-03
      677., -0.13770646E-01,  0.93886676E-02,  0.51524461E+00, -0.62215695E-01, -0.20054175E+00,  0.68052521E-01
      678., -0.11016517E-01,  0.75109341E-02,  0.51524461E+00, -0.61653224E-01, -0.20012128E+00,  0.53121490E-01
      679., -0.10391497E-01,  0.13030525E-01,  0.51524461E+00, -0.62626609E-01, -0.19948351E+00,  0.12923242E+00
      680., -0.83131974E-02,  0.10424420E-01,  0.51524461E+00, -0.61908357E-01, -0.19946423E+00,  0.10087824E+00
      681., -0.60890171E-02,  0.15514562E-01,  0.51524461E+00, -0.62369996E-01, -0.19837769E+00,  0.17892947E+00
      682., -0.48712137E-02,  0.12411650E-01,  0.51524461E+00, -0.61749026E-01, -0.19877763E+00,  0.13967153E+00
      683., -0.12455016E-02,  0.16620063E-01,  0.51524461E+00, -0.61535034E-01, -0.19760857E+00,  0.21272784E+00
      684., -0.99640125E-03,  0.13296051E-01,  0.51524461E+00, -0.61230603E-01, -0.19830009E+00,  0.16605439E+00
      685.,  0.37086822E-02,  0.16248799E-01,  0.51524461E+00, -0.60411892E-01, -0.19744344E+00,  0.22762440E+00
      686.,  0.29669458E-02,  0.12999039E-01,  0.51524461E+00, -0.60533250E-01, -0.19819756E+00,  0.17768258E+00
      687.,  0.83333333E-02,  0.14433757E-01,  0.51524461E+00, -0.59390884E-01, -0.19793969E+00,  0.22229554E+00
      688.,  0.66666667E-02,  0.11547005E-01,  0.51524461E+00, -0.59899312E-01, -0.19850568E+00,  0.17352289E+00
      689.,  0.12217531E-01,  0.11336212E-01,  0.51524461E+00, -0.58826837E-01, -0.19892487E+00,  0.19721474E+00
      690.,  0.97740250E-02,  0.90689698E-02,  0.51524461E+00, -0.59549100E-01, -0.19911737E+00,  0.15394494E+00
      691.,  0.15016148E-01,  0.72313957E-02,  0.51524461E+00, -0.58915769E-01, -0.20005660E+00,  0.15461056E+00
      692.,  0.12012918E-01,  0.57851165E-02,  0.51524461E+00, -0.59604319E-01, -0.19982006E+00,  0.12068830E+00
      693.,  0.16480514E-01,  0.24840378E-02,  0.51524461E+00, -0.59626776E-01, -0.20094159E+00,  0.98268541E-01
      694.,  0.13184411E-01,  0.19872302E-02,  0.51524461E+00, -0.60045780E-01, -0.20036954E+00,  0.76707981E-01
      695.,  0.16480514E-01, -0.24840378E-02,  0.51524461E+00, -0.60712768E-01, -0.20127227E+00,  0.33194920E-01
      696.,  0.13184411E-01, -0.19872302E-02,  0.51524461E+00, -0.60720067E-01, -0.20057487E+00,  0.25911806E-01
      697.,  0.15016148E-01, -0.72313957E-02,  0.51524461E+00, -0.61796343E-01, -0.20093374E+00, -0.34828200E-01
      698.,  0.12012918E-01, -0.57851165E-02,  0.51524461E+00, -0.61392853E-01, -0.20036467E+00, -0.27186734E-01
      699.,  0.12217531E-01, -0.11336212E-01,  0.51524461E+00, -0.62500934E-01, -0.20004363E+00, -0.99756676E-01
      700.,  0.97740250E-02, -0.90689698E-02,  0.51524461E+00, -0.61830332E-01, -0.19981201E+00, -0.77869609E-01
      701.,  0.83333333E-02, -0.14433757E-01,  0.51524461E+00, -0.62581682E-01, -0.19891128E+00, -0.15582134E+00
      702.,  0.66666667E-02, -0.11547005E-01,  0.51524461E+00, -0.61880468E-01, -0.19910894E+00, -0.12163344E+00
      703.,  0.37086822E-02, -0.16248799E-01,  0.51524461E+00, -0.62010525E-01, -0.19793021E+00, -0.19804060E+00
      704.,  0.29669458E-02, -0.12999039E-01,  0.51524461E+00, -0.61525840E-01, -0.19849979E+00, -0.15458960E+00
      705., -0.12455016E-02, -0.16620063E-01,  0.51524461E+00, -0.60985954E-01, -0.19744135E+00, -0.22266308E+00
      706., -0.99640125E-03, -0.13296051E-01,  0.51524461E+00, -0.60889690E-01, -0.19819626E+00, -0.17380980E+00
      707., -0.60890171E-02, -0.15514562E-01,  0.51524461E+00, -0.59864032E-01, -0.19761459E+00, -0.22750096E+00
      708., -0.48712137E-02, -0.12411650E-01,  0.51524461E+00, -0.60193095E-01, -0.19830383E+00, -0.17758623E+00
      709., -0.10391497E-01, -0.13030525E-01,  0.51524461E+00, -0.59034651E-01, -0.19838973E+00, -0.21212439E+00
      710., -0.83131974E-02, -0.10424420E-01,  0.51524461E+00, -0.59678138E-01, -0.19878511E+00, -0.16558334E+00
      711., -0.13770646E-01, -0.93886676E-02,  0.51524461E+00, -0.58786040E-01, -0.19949740E+00, -0.17789964E+00
      712., -0.11016517E-01, -0.75109341E-02,  0.51524461E+00, -0.59523777E-01, -0.19947285E+00, -0.13886766E+00
      713., -0.15926213E-01, -0.49125862E-02,  0.51524461E+00, -0.59204595E-01, -0.20055263E+00, -0.12786773E+00
      714., -0.12740971E-01, -0.39300690E-02,  0.51524461E+00, -0.59783654E-01, -0.20012804E+00, -0.99812973E-01
      715., -0.16666667E-01,  0.20410780E-17,  0.50837592E+00, -0.29218138E-01, -0.97909120E-01, -0.67779780E-01
      716., -0.13333333E-01,  0.16328624E-17,  0.50837592E+00, -0.29337166E-01, -0.97553130E-01, -0.52908768E-01
      717., -0.15926213E-01,  0.49125862E-02,  0.50837592E+00, -0.29825188E-01, -0.97906930E-01,  0.84205055E-03
      718., -0.12740971E-01,  0.39300690E-02,  0.50837592E+00, -0.29714092E-01, -0.97551770E-01,  0.65730429E-03
      719., -0.13770646E-01,  0.93886676E-02,  0.50837592E+00, -0.30325521E-01, -0.97563154E-01,  0.69389048E-01
      720., -0.11016517E-01,  0.75109341E-02,  0.50837592E+00, -0.30024757E-01, -0.97338313E-01,  0.54164959E-01
      721., -0.10391497E-01,  0.13030525E-01,  0.50837592E+00, -0.30545258E-01, -0.96997262E-01,  0.13177053E+00
      722., -0.83131974E-02,  0.10424420E-01,  0.50837592E+00, -0.30161195E-01, -0.96986942E-01,  0.10285982E+00
      723., -0.60890171E-02,  0.15514562E-01,  0.50837592E+00, -0.30408035E-01, -0.96405919E-01,  0.18244363E+00
      724., -0.48712137E-02,  0.12411650E-01,  0.50837592E+00, -0.30075990E-01, -0.96619766E-01,  0.14241515E+00
      725., -0.12455016E-02,  0.16620063E-01,  0.50837592E+00, -0.29961537E-01, -0.95994628E-01,  0.21690581E+00
      726., -0.99640125E-03,  0.13296051E-01,  0.50837592E+00, -0.29798751E-01, -0.96364389E-01,  0.16931626E+00
      727.,  0.37086822E-02,  0.16248799E-01,  0.50837592E+00, -0.29360934E-01, -0.95906324E-01,  0.23209495E+00
      728.,  0.29669458E-02,  0.12999039E-01,  0.50837592E+00, -0.29425824E-01, -0.96309560E-01,  0.18117288E+00
      729.,  0.83333333E-02,  0.14433757E-01,  0.50837592E+00, -0.28814946E-01, -0.96171695E-01,  0.22666144E+00
      730.,  0.66666667E-02,  0.11547005E-01,  0.50837592E+00, -0.29086810E-01, -0.96474335E-01,  0.17693149E+00
      731.,  0.12217531E-01,  0.11336212E-01,  0.50837592E+00, -0.28513319E-01, -0.96698524E-01,  0.20108806E+00
      732.,  0.97740250E-02,  0.90689698E-02,  0.50837592E+00, -0.28899525E-01, -0.96801454E-01,  0.15696896E+00
      733.,  0.15016148E-01,  0.72313957E-02,  0.50837592E+00, -0.28560876E-01, -0.97303725E-01,  0.15764714E+00
      734.,  0.12012918E-01,  0.57851165E-02,  0.50837592E+00, -0.28929055E-01, -0.97177235E-01,  0.12305906E+00
      735.,  0.16480514E-01,  0.24840378E-02,  0.50837592E+00, -0.28941091E-01, -0.97776978E-01,  0.10019857E+00
      736.,  0.13184411E-01,  0.19872302E-02,  0.50837592E+00, -0.29165140E-01, -0.97471087E-01,  0.78214811E-01
      737.,  0.16480514E-01, -0.24840378E-02,  0.50837592E+00, -0.29521834E-01, -0.97953816E-01,  0.33846899E-01
      738.,  0.13184411E-01, -0.19872302E-02,  0.50837592E+00, -0.29525736E-01, -0.97580889E-01,  0.26420825E-01
      739.,  0.15016148E-01, -0.72313957E-02,  0.50837592E+00, -0.30101285E-01, -0.97772786E-01, -0.35512198E-01
      740.,  0.12012918E-01, -0.57851165E-02,  0.50837592E+00, -0.29885530E-01, -0.97468482E-01, -0.27720755E-01
      741.,  0.12217531E-01, -0.11336212E-01,  0.50837592E+00, -0.30478073E-01, -0.97296797E-01, -0.10171587E+00
      742.,  0.97740250E-02, -0.90689698E-02,  0.50837592E+00, -0.30119486E-01, -0.97172931E-01, -0.79399218E-01
      743.,  0.83333333E-02, -0.14433757E-01,  0.50837592E+00, -0.30521257E-01, -0.96691266E-01, -0.15888166E+00
      744.,  0.66666667E-02, -0.11547005E-01,  0.50837592E+00, -0.30146301E-01, -0.96796945E-01, -0.12402272E+00
      745.,  0.37086822E-02, -0.16248799E-01,  0.50837592E+00, -0.30215832E-01, -0.96166629E-01, -0.20193012E+00
      746.,  0.29669458E-02, -0.12999039E-01,  0.50837592E+00, -0.29956657E-01, -0.96471187E-01, -0.15762627E+00
      747., -0.12455016E-02, -0.16620063E-01,  0.50837592E+00, -0.29667940E-01, -0.95905207E-01, -0.22703619E+00
      748., -0.99640125E-03, -0.13296051E-01,  0.50837592E+00, -0.29616460E-01, -0.96308865E-01, -0.17722402E+00
      749., -0.60890171E-02, -0.15514562E-01,  0.50837592E+00, -0.29067987E-01, -0.95997845E-01, -0.23196910E+00
      750., -0.48712137E-02, -0.12411650E-01,  0.50837592E+00, -0.29243938E-01, -0.96366385E-01, -0.18107464E+00
      751., -0.10391497E-01, -0.13030525E-01,  0.50837592E+00, -0.28624471E-01, -0.96412352E-01, -0.21629054E+00
      752., -0.83131974E-02, -0.10424420E-01,  0.50837592E+00, -0.28968550E-01, -0.96623760E-01, -0.16883598E+00
      753., -0.13770646E-01, -0.93886676E-02,  0.50837592E+00, -0.28491520E-01, -0.97004674E-01, -0.18139362E+00
      754., -0.11016517E-01, -0.75109341E-02,  0.50837592E+00, -0.28885998E-01, -0.96991544E-01, -0.14159551E+00
      755., -0.15926213E-01, -0.49125862E-02,  0.50837592E+00, -0.28715338E-01, -0.97568965E-01, -0.13037908E+00
      756., -0.12740971E-01, -0.39300690E-02,  0.50837592E+00, -0.29024969E-01, -0.97341922E-01, -0.10177366E+00
      757., -0.16666667E-01,  0.20410780E-17,  0.50124499E+00,  0.33260426E-02,  0.10771482E-01, -0.68291961E-01
      758., -0.13333333E-01,  0.16328624E-17,  0.50124499E+00,  0.33159723E-02,  0.10801603E-01, -0.53308765E-01
      759., -0.15926213E-01,  0.49125862E-02,  0.50124499E+00,  0.32746261E-02,  0.10771661E-01,  0.84838352E-03
      760., -0.12740971E-01,  0.39300690E-02,  0.50124499E+00,  0.32840237E-02,  0.10801714E-01,  0.66225042E-03
      761., -0.13770646E-01,  0.93886676E-02,  0.50124499E+00,  0.32322456E-02,  0.10800775E-01,  0.69913333E-01
      762., -0.11016517E-01,  0.75109341E-02,  0.50124499E+00,  0.32576893E-02,  0.10819806E-01,  0.54574410E-01
      763., -0.10391497E-01,  0.13030525E-01,  0.50124499E+00,  0.32136316E-02,  0.10848706E-01,  0.13276618E+00
      764., -0.83131974E-02,  0.10424420E-01,  0.50124499E+00,  0.32461239E-02,  0.10849589E-01,  0.10363740E+00
      765., -0.60890171E-02,  0.15514562E-01,  0.50124499E+00,  0.32252536E-02,  0.10898797E-01,  0.18382218E+00
      766., -0.48712137E-02,  0.12411650E-01,  0.50124499E+00,  0.32533466E-02,  0.10880715E-01,  0.14349176E+00
      767., -0.12455016E-02,  0.16620063E-01,  0.50124499E+00,  0.32630756E-02,  0.10933637E-01,  0.21854477E+00
      768., -0.99640125E-03,  0.13296051E-01,  0.50124499E+00,  0.32768491E-02,  0.10902366E-01,  0.17059624E+00
      769.,  0.37086822E-02,  0.16248799E-01,  0.50124499E+00,  0.33139529E-02,  0.10941119E-01,  0.23384869E+00
      770.,  0.29669458E-02,  0.12999039E-01,  0.50124499E+00,  0.33084654E-02,  0.10907014E-01,  0.18254250E+00
      771.,  0.83333333E-02,  0.14433757E-01,  0.50124499E+00,  0.33602057E-02,  0.10918639E-01,  0.22837413E+00
      772.,  0.66666667E-02,  0.11547005E-01,  0.50124499E+00,  0.33372066E-02,  0.10893044E-01,  0.17826905E+00
      773.,  0.12217531E-01,  0.11336212E-01,  0.50124499E+00,  0.33857585E-02,  0.10874009E-01,  0.20260753E+00
      774.,  0.97740250E-02,  0.90689698E-02,  0.50124499E+00,  0.33530851E-02,  0.10865310E-01,  0.15815562E+00
      775.,  0.15016148E-01,  0.72313957E-02,  0.50124499E+00,  0.33817295E-02,  0.10822737E-01,  0.15883836E+00
      776.,  0.12012918E-01,  0.57851165E-02,  0.50124499E+00,  0.33505802E-02,  0.10833448E-01,  0.12398937E+00
      777.,  0.16480514E-01,  0.24840378E-02,  0.50124499E+00,  0.33495175E-02,  0.10782640E-01,  0.10095571E+00
      778.,  0.13184411E-01,  0.19872302E-02,  0.50124499E+00,  0.33305616E-02,  0.10808531E-01,  0.78806115E-01
      779.,  0.16480514E-01, -0.24840378E-02,  0.50124499E+00,  0.33003155E-02,  0.10767654E-01,  0.34102680E-01
      780.,  0.13184411E-01, -0.19872302E-02,  0.50124499E+00,  0.32999852E-02,  0.10799219E-01,  0.26620581E-01
      781.,  0.15016148E-01, -0.72313957E-02,  0.50124499E+00,  0.32512190E-02,  0.10782986E-01, -0.35780501E-01
      782.,  0.12012918E-01, -0.57851165E-02,  0.50124499E+00,  0.32694745E-02,  0.10808747E-01, -0.27930293E-01
      783.,  0.12217531E-01, -0.11336212E-01,  0.50124499E+00,  0.32192906E-02,  0.10823309E-01, -0.10248442E+00
      784.,  0.97740250E-02, -0.90689698E-02,  0.50124499E+00,  0.32496327E-02,  0.10833804E-01, -0.79999434E-01
      785.,  0.83333333E-02, -0.14433757E-01,  0.50124499E+00,  0.32156231E-02,  0.10874609E-01, -0.16008217E+00
      786.,  0.66666667E-02, -0.11547005E-01,  0.50124499E+00,  0.32473524E-02,  0.10865684E-01, -0.12496028E+00
      787.,  0.37086822E-02, -0.16248799E-01,  0.50124499E+00,  0.32414893E-02,  0.10919061E-01, -0.20345591E+00
      788.,  0.29669458E-02, -0.12999039E-01,  0.50124499E+00,  0.32634258E-02,  0.10893307E-01, -0.15881787E+00
      789., -0.12455016E-02, -0.16620063E-01,  0.50124499E+00,  0.32879001E-02,  0.10941216E-01, -0.22875170E+00
      790., -0.99640125E-03, -0.13296051E-01,  0.50124499E+00,  0.32922653E-02,  0.10907075E-01, -0.17856378E+00
      791., -0.60890171E-02, -0.15514562E-01,  0.50124499E+00,  0.33387253E-02,  0.10933379E-01, -0.23372189E+00
      792., -0.48712137E-02, -0.12411650E-01,  0.50124499E+00,  0.33238485E-02,  0.10902206E-01, -0.18244352E+00
      793., -0.10391497E-01, -0.13030525E-01,  0.50124499E+00,  0.33763027E-02,  0.10898274E-01, -0.21792487E+00
      794., -0.83131974E-02, -0.10424420E-01,  0.50124499E+00,  0.33472003E-02,  0.10880391E-01, -0.17011234E+00
      795., -0.13770646E-01, -0.93886676E-02,  0.50124499E+00,  0.33875752E-02,  0.10848102E-01, -0.18276427E+00
      796., -0.11016517E-01, -0.75109341E-02,  0.50124499E+00,  0.33542058E-02,  0.10849215E-01, -0.14266595E+00
      797., -0.15926213E-01, -0.49125862E-02,  0.50124499E+00,  0.33686259E-02,  0.10800300E-01, -0.13136427E+00
      798., -0.12740971E-01, -0.39300690E-02,  0.50124499E+00,  0.33424320E-02,  0.10819512E-01, -0.10254306E+00
      799., -0.16666667E-01,  0.20410780E-17,  0.49384182E+00,  0.37146909E-01,  0.12371497E+00, -0.67908465E-01
      800., -0.13333333E-01,  0.16328624E-17,  0.49384182E+00,  0.37250034E-01,  0.12340654E+00, -0.53009611E-01
      801., -0.15926213E-01,  0.49125862E-02,  0.49384182E+00,  0.37672761E-01,  0.12371306E+00,  0.84358956E-03
      802., -0.12740971E-01,  0.39300690E-02,  0.49384182E+00,  0.37576500E-01,  0.12340535E+00,  0.65850837E-03
      803., -0.13770646E-01,  0.93886676E-02,  0.49384182E+00,  0.38106164E-01,  0.12341526E+00,  0.69520671E-01
      804., -0.11016517E-01,  0.75109341E-02,  0.49384182E+00,  0.37845571E-01,  0.12322047E+00,  0.54268103E-01
      805., -0.10391497E-01,  0.13030525E-01,  0.49384182E+00,  0.38296504E-01,  0.12292507E+00,  0.13202054E+00
      806., -0.83131974E-02,  0.10424420E-01,  0.49384182E+00,  0.37963742E-01,  0.12291614E+00,  0.10305574E+00
      807., -0.60890171E-02,  0.15514562E-01,  0.49384182E+00,  0.38177634E-01,  0.12241282E+00,  0.18278982E+00
      808., -0.48712137E-02,  0.12411650E-01,  0.49384182E+00,  0.37889944E-01,  0.12259812E+00,  0.14268644E+00
      809., -0.12455016E-02,  0.16620063E-01,  0.49384182E+00,  0.37790866E-01,  0.12205655E+00,  0.21731741E+00
      810., -0.99640125E-03,  0.13296051E-01,  0.49384182E+00,  0.37649826E-01,  0.12237694E+00,  0.16963881E+00
      811.,  0.37086822E-02,  0.16248799E-01,  0.49384182E+00,  0.37270611E-01,  0.12198006E+00,  0.23253540E+00
      812.,  0.29669458E-02,  0.12999039E-01,  0.49384182E+00,  0.37326835E-01,  0.12232945E+00,  0.18151803E+00
      813.,  0.83333333E-02,  0.14433757E-01,  0.49384182E+00,  0.36797668E-01,  0.12220993E+00,  0.22709159E+00
      814.,  0.66666667E-02,  0.11547005E-01,  0.49384182E+00,  0.37033217E-01,  0.12247216E+00,  0.17726857E+00
      815.,  0.12217531E-01,  0.11336212E-01,  0.49384182E+00,  0.36536396E-01,  0.12266628E+00,  0.20146970E+00
      816.,  0.97740250E-02,  0.90689698E-02,  0.49384182E+00,  0.36871012E-01,  0.12275547E+00,  0.15726803E+00
      817.,  0.15016148E-01,  0.72313957E-02,  0.49384182E+00,  0.36577592E-01,  0.12319050E+00,  0.15794635E+00
      818.,  0.12012918E-01,  0.57851165E-02,  0.49384182E+00,  0.36896586E-01,  0.12308093E+00,  0.12329353E+00
      819.,  0.16480514E-01,  0.24840378E-02,  0.49384182E+00,  0.36906934E-01,  0.12360043E+00,  0.10038877E+00
      820.,  0.13184411E-01,  0.19872302E-02,  0.49384182E+00,  0.37101051E-01,  0.12333542E+00,  0.78363863E-01
      821.,  0.16480514E-01, -0.24840378E-02,  0.49384182E+00,  0.37409972E-01,  0.12375360E+00,  0.33911192E-01
      822.,  0.13184411E-01, -0.19872302E-02,  0.49384182E+00,  0.37413351E-01,  0.12343051E+00,  0.26471207E-01
      823.,  0.15016148E-01, -0.72313957E-02,  0.49384182E+00,  0.37911884E-01,  0.12359679E+00, -0.35579528E-01
      824.,  0.12012918E-01, -0.57851165E-02,  0.49384182E+00,  0.37724952E-01,  0.12333316E+00, -0.27773518E-01
      825.,  0.12217531E-01, -0.11336212E-01,  0.49384182E+00,  0.38238243E-01,  0.12318448E+00, -0.10190884E+00
      826.,  0.97740250E-02, -0.90689698E-02,  0.49384182E+00,  0.37927565E-01,  0.12307718E+00, -0.79550439E-01
      827.,  0.83333333E-02, -0.14433757E-01,  0.49384182E+00,  0.38275632E-01,  0.12265997E+00, -0.15918313E+00
      828.,  0.66666667E-02, -0.11547005E-01,  0.49384182E+00,  0.37950776E-01,  0.12275155E+00, -0.12425896E+00
      829.,  0.37086822E-02, -0.16248799E-01,  0.49384182E+00,  0.38011054E-01,  0.12220553E+00, -0.20231329E+00
      830.,  0.29669458E-02, -0.12999039E-01,  0.49384182E+00,  0.37786517E-01,  0.12246943E+00, -0.15792654E+00
      831., -0.12455016E-02, -0.16620063E-01,  0.49384182E+00,  0.37536456E-01,  0.12197911E+00, -0.22746702E+00
      832., -0.99640125E-03, -0.13296051E-01,  0.49384182E+00,  0.37491872E-01,  0.12232886E+00, -0.17756164E+00
      833., -0.60890171E-02, -0.15514562E-01,  0.49384182E+00,  0.37016771E-01,  0.12205937E+00, -0.23240931E+00
      834., -0.48712137E-02, -0.12411650E-01,  0.49384182E+00,  0.37169235E-01,  0.12237869E+00, -0.18141961E+00
      835., -0.10391497E-01, -0.13030525E-01,  0.49384182E+00,  0.36632603E-01,  0.12241844E+00, -0.21670102E+00
      836., -0.83131974E-02, -0.10424420E-01,  0.49384182E+00,  0.36930732E-01,  0.12260161E+00, -0.16915765E+00
      837., -0.13770646E-01, -0.93886676E-02,  0.49384182E+00,  0.36517459E-01,  0.12293153E+00, -0.18173789E+00
      838., -0.11016517E-01, -0.75109341E-02,  0.49384182E+00,  0.36859248E-01,  0.12292015E+00, -0.14186530E+00
      839., -0.15926213E-01, -0.49125862E-02,  0.49384182E+00,  0.36711355E-01,  0.12342033E+00, -0.13062655E+00
      840., -0.12740971E-01, -0.39300690E-02,  0.49384182E+00,  0.36979627E-01,  0.12322362E+00, -0.10196759E+00
      841., -0.16666667E-01,  0.20410780E-17,  0.48615601E+00,  0.71807257E-01,  0.23946126E+00, -0.66530002E-01
      842., -0.13333333E-01,  0.16328624E-17,  0.48615601E+00,  0.72026346E-01,  0.23880598E+00, -0.51933787E-01
      843., -0.15926213E-01,  0.49125862E-02,  0.48615601E+00,  0.72924524E-01,  0.23945722E+00,  0.82643183E-03
      844., -0.12740971E-01,  0.39300690E-02,  0.48615601E+00,  0.72720016E-01,  0.23880347E+00,  0.64511662E-03
      845., -0.13770646E-01,  0.93886676E-02,  0.48615601E+00,  0.73845372E-01,  0.23882449E+00,  0.68109420E-01
      846., -0.11016517E-01,  0.75109341E-02,  0.48615601E+00,  0.73291738E-01,  0.23841063E+00,  0.53166688E-01
      847., -0.10391497E-01,  0.13030525E-01,  0.48615601E+00,  0.74249789E-01,  0.23778298E+00,  0.12934059E+00
      848., -0.83131974E-02,  0.10424420E-01,  0.48615601E+00,  0.73542826E-01,  0.23776399E+00,  0.10096417E+00
      849., -0.60890171E-02,  0.15514562E-01,  0.48615601E+00,  0.73997231E-01,  0.23669463E+00,  0.17907930E+00
      850., -0.48712137E-02,  0.12411650E-01,  0.48615601E+00,  0.73386023E-01,  0.23708827E+00,  0.13979055E+00
      851., -0.12455016E-02,  0.16620063E-01,  0.48615601E+00,  0.73175468E-01,  0.23593766E+00,  0.21290601E+00
      852., -0.99640125E-03,  0.13296051E-01,  0.48615601E+00,  0.72875821E-01,  0.23661830E+00,  0.16619592E+00
      853.,  0.37086822E-02,  0.16248799E-01,  0.48615601E+00,  0.72070083E-01,  0.23577514E+00,  0.22781509E+00
      854.,  0.29669458E-02,  0.12999039E-01,  0.48615601E+00,  0.72189528E-01,  0.23651739E+00,  0.17783405E+00
      855.,  0.83333333E-02,  0.14433757E-01,  0.48615601E+00,  0.71065220E-01,  0.23626354E+00,  0.22248180E+00
      856.,  0.66666667E-02,  0.11547005E-01,  0.48615601E+00,  0.71565645E-01,  0.23682062E+00,  0.17367085E+00
      857.,  0.12217531E-01,  0.11336212E-01,  0.48615601E+00,  0.70510094E-01,  0.23723313E+00,  0.19738002E+00
      858.,  0.97740250E-02,  0.90689698E-02,  0.48615601E+00,  0.71220988E-01,  0.23742261E+00,  0.15407623E+00
      859.,  0.15016148E-01,  0.72313957E-02,  0.48615601E+00,  0.70597621E-01,  0.23834696E+00,  0.15474018E+00
      860.,  0.12012918E-01,  0.57851165E-02,  0.48615601E+00,  0.71275330E-01,  0.23811414E+00,  0.12079127E+00
      861.,  0.16480514E-01,  0.24840378E-02,  0.48615601E+00,  0.71297380E-01,  0.23921794E+00,  0.98350978E-01
      862.,  0.13184411E-01,  0.19872302E-02,  0.48615601E+00,  0.71709784E-01,  0.23865490E+00,  0.76773464E-01
      863.,  0.16480514E-01, -0.24840378E-02,  0.48615601E+00,  0.72366191E-01,  0.23954339E+00,  0.33222851E-01
      864.,  0.13184411E-01, -0.19872302E-02,  0.48615601E+00,  0.72373368E-01,  0.23885696E+00,  0.25933990E-01
      865.,  0.15016148E-01, -0.72313957E-02,  0.48615601E+00,  0.73432615E-01,  0.23921021E+00, -0.34857256E-01
      866.,  0.12012918E-01, -0.57851165E-02,  0.48615601E+00,  0.73035470E-01,  0.23865010E+00, -0.27209818E-01
      867.,  0.12217531E-01, -0.11336212E-01,  0.48615601E+00,  0.74126045E-01,  0.23833418E+00, -0.99840139E-01
      868.,  0.97740250E-02, -0.90689698E-02,  0.48615601E+00,  0.73465994E-01,  0.23810621E+00, -0.77935910E-01
      869.,  0.83333333E-02, -0.14433757E-01,  0.48615601E+00,  0.74205495E-01,  0.23721974E+00, -0.15595180E+00
      870.,  0.66666667E-02, -0.11547005E-01,  0.48615601E+00,  0.73515321E-01,  0.23741430E+00, -0.12173706E+00
      871.,  0.37086822E-02, -0.16248799E-01,  0.48615601E+00,  0.73643355E-01,  0.23625420E+00, -0.19820646E+00
      872.,  0.29669458E-02, -0.12999039E-01,  0.48615601E+00,  0.73166308E-01,  0.23681483E+00, -0.15472135E+00
      873., -0.12455016E-02, -0.16620063E-01,  0.48615601E+00,  0.72634981E-01,  0.23577310E+00, -0.22284960E+00
      874., -0.99640125E-03, -0.13296051E-01,  0.48615601E+00,  0.72540246E-01,  0.23651613E+00, -0.17395796E+00
      875., -0.60890171E-02, -0.15514562E-01,  0.48615601E+00,  0.71530805E-01,  0.23594363E+00, -0.22769157E+00
      876., -0.48712137E-02, -0.12411650E-01,  0.48615601E+00,  0.71854703E-01,  0.23662201E+00, -0.17773763E+00
      877., -0.10391497E-01, -0.13030525E-01,  0.48615601E+00,  0.70714552E-01,  0.23670653E+00, -0.21230215E+00
      878., -0.83131974E-02, -0.10424420E-01,  0.48615601E+00,  0.71347923E-01,  0.23709567E+00, -0.16572455E+00
      879., -0.13770646E-01, -0.93886676E-02,  0.48615601E+00,  0.70469893E-01,  0.23779669E+00, -0.17804876E+00
      880., -0.11016517E-01, -0.75109341E-02,  0.48615601E+00,  0.71196025E-01,  0.23777250E+00, -0.13898611E+00
      881., -0.15926213E-01, -0.49125862E-02,  0.48615601E+00,  0.70881848E-01,  0.23883524E+00, -0.12797495E+00
      882., -0.12740971E-01, -0.39300690E-02,  0.48615601E+00,  0.71451794E-01,  0.23841730E+00, -0.99898148E-01
      883., -0.16666667E-01,  0.20410780E-17,  0.47817676E+00,  0.10676472E+00,  0.35619902E+00, -0.64064439E-01
      884., -0.13333333E-01,  0.16328624E-17,  0.47817676E+00,  0.10710072E+00,  0.35519403E+00, -0.50009364E-01
      885., -0.15926213E-01,  0.49125862E-02,  0.47817676E+00,  0.10847826E+00,  0.35619282E+00,  0.79576730E-03
      886., -0.12740971E-01,  0.39300690E-02,  0.47817676E+00,  0.10816462E+00,  0.35519018E+00,  0.62118270E-03
      887., -0.13770646E-01,  0.93886676E-02,  0.47817676E+00,  0.10989057E+00,  0.35522241E+00,  0.65585253E-01
      888., -0.11016517E-01,  0.75109341E-02,  0.47817676E+00,  0.10904149E+00,  0.35458768E+00,  0.51196522E-01
      889., -0.10391497E-01,  0.13030525E-01,  0.47817676E+00,  0.11051082E+00,  0.35362504E+00,  0.12454721E+00
      890., -0.83131974E-02,  0.10424420E-01,  0.47817676E+00,  0.10942659E+00,  0.35359591E+00,  0.97222830E-01
      891., -0.60890171E-02,  0.15514562E-01,  0.47817676E+00,  0.11012348E+00,  0.35195584E+00,  0.17244260E+00
      892., -0.48712137E-02,  0.12411650E-01,  0.47817676E+00,  0.10918609E+00,  0.35255954E+00,  0.13461047E+00
      893., -0.12455016E-02,  0.16620063E-01,  0.47817676E+00,  0.10886314E+00,  0.35079488E+00,  0.20501571E+00
      894., -0.99640125E-03,  0.13296051E-01,  0.47817676E+00,  0.10840358E+00,  0.35183873E+00,  0.16003738E+00
      895.,  0.37086822E-02,  0.16248799E-01,  0.47817676E+00,  0.10716781E+00,  0.35054562E+00,  0.21937227E+00
      896.,  0.29669458E-02,  0.12999039E-01,  0.47817676E+00,  0.10735099E+00,  0.35168396E+00,  0.17124426E+00
      897.,  0.83333333E-02,  0.14433757E-01,  0.47817676E+00,  0.10562665E+00,  0.35129468E+00,  0.21423664E+00
      898.,  0.66666667E-02,  0.11547005E-01,  0.47817676E+00,  0.10639412E+00,  0.35214904E+00,  0.16723533E+00
      899.,  0.12217531E-01,  0.11336212E-01,  0.47817676E+00,  0.10477525E+00,  0.35278175E+00,  0.19006515E+00
      900.,  0.97740250E-02,  0.90689698E-02,  0.47817676E+00,  0.10586551E+00,  0.35307232E+00,  0.14836682E+00
      901.,  0.15016148E-01,  0.72313957E-02,  0.47817676E+00,  0.10490949E+00,  0.35449004E+00,  0.14900554E+00
      902.,  0.12012918E-01,  0.57851165E-02,  0.47817676E+00,  0.10594885E+00,  0.35413296E+00,  0.11631526E+00
      903.,  0.16480514E-01,  0.24840378E-02,  0.47817676E+00,  0.10598271E+00,  0.35582586E+00,  0.94706128E-01
      904.,  0.13184411E-01,  0.19872302E-02,  0.47817676E+00,  0.10661519E+00,  0.35496234E+00,  0.73928583E-01
      905.,  0.16480514E-01, -0.24840378E-02,  0.47817676E+00,  0.10762195E+00,  0.35632501E+00,  0.31991649E-01
      906.,  0.13184411E-01, -0.19872302E-02,  0.47817676E+00,  0.10763295E+00,  0.35527225E+00,  0.24973013E-01
      907.,  0.15016148E-01, -0.72313957E-02,  0.47817676E+00,  0.10925753E+00,  0.35581401E+00, -0.33565414E-01
      908.,  0.12012918E-01, -0.57851165E-02,  0.47817676E+00,  0.10864845E+00,  0.35495498E+00, -0.26201506E-01
      909.,  0.12217531E-01, -0.11336212E-01,  0.47817676E+00,  0.11032105E+00,  0.35447044E+00, -0.96140037E-01
      910.,  0.97740250E-02, -0.90689698E-02,  0.47817676E+00,  0.10930876E+00,  0.35412079E+00, -0.75047901E-01
      911.,  0.83333333E-02, -0.14433757E-01,  0.47817676E+00,  0.11044291E+00,  0.35276122E+00, -0.15017221E+00
      912.,  0.66666667E-02, -0.11547005E-01,  0.47817676E+00,  0.10938442E+00,  0.35305958E+00, -0.11722597E+00
      913.,  0.37086822E-02, -0.16248799E-01,  0.47817676E+00,  0.10958076E+00,  0.35128037E+00, -0.19086092E+00
      914.,  0.29669458E-02, -0.12999039E-01,  0.47817676E+00,  0.10884913E+00,  0.35214015E+00, -0.14898800E+00
      915., -0.12455016E-02, -0.16620063E-01,  0.47817676E+00,  0.10803422E+00,  0.35054249E+00, -0.21459079E+00
      916., -0.99640125E-03, -0.13296051E-01,  0.47817676E+00,  0.10788892E+00,  0.35168202E+00, -0.16751179E+00
      917., -0.60890171E-02, -0.15514562E-01,  0.47817676E+00,  0.10634074E+00,  0.35080402E+00, -0.21925334E+00
      918., -0.48712137E-02, -0.12411650E-01,  0.47817676E+00,  0.10683748E+00,  0.35184440E+00, -0.17115141E+00
      919., -0.10391497E-01, -0.13030525E-01,  0.47817676E+00,  0.10508885E+00,  0.35197408E+00, -0.20443426E+00
      920., -0.83131974E-02, -0.10424420E-01,  0.47817676E+00,  0.10606021E+00,  0.35257087E+00, -0.15958349E+00
      921., -0.13770646E-01, -0.93886676E-02,  0.47817676E+00,  0.10471361E+00,  0.35364605E+00, -0.17145030E+00
      922., -0.11016517E-01, -0.75109341E-02,  0.47817676E+00,  0.10582723E+00,  0.35360895E+00, -0.13383588E+00
      923., -0.15926213E-01, -0.49125862E-02,  0.47817676E+00,  0.10534542E+00,  0.35523888E+00, -0.12323224E+00
      924., -0.12740971E-01, -0.39300690E-02,  0.47817676E+00,  0.10621951E+00,  0.35459790E+00, -0.96196358E-01
      925., -0.16666667E-01,  0.20410780E-17,  0.46989289E+00,  0.14136505E+00,  0.47174339E+00, -0.60431893E-01
      926., -0.13333333E-01,  0.16328624E-17,  0.46989289E+00,  0.14181672E+00,  0.47039240E+00, -0.47173971E-01
      927., -0.15926213E-01,  0.49125862E-02,  0.46989289E+00,  0.14366857E+00,  0.47173505E+00,  0.75060348E-03
      928., -0.12740971E-01,  0.39300690E-02,  0.46989289E+00,  0.14324694E+00,  0.47038722E+00,  0.58592913E-03
      929., -0.13770646E-01,  0.93886676E-02,  0.46989289E+00,  0.14556712E+00,  0.47043054E+00,  0.61866394E-01
      930., -0.11016517E-01,  0.75109341E-02,  0.46989289E+00,  0.14442573E+00,  0.46957727E+00,  0.48293756E-01
      931., -0.10391497E-01,  0.13030525E-01,  0.46989289E+00,  0.14640093E+00,  0.46828320E+00,  0.11748509E+00
      932., -0.83131974E-02,  0.10424420E-01,  0.46989289E+00,  0.14494343E+00,  0.46824402E+00,  0.91710474E-01
      933., -0.60890171E-02,  0.15514562E-01,  0.46989289E+00,  0.14588022E+00,  0.46603930E+00,  0.16266473E+00
      934., -0.48712137E-02,  0.12411650E-01,  0.46989289E+00,  0.14462012E+00,  0.46685081E+00,  0.12697832E+00
      935., -0.12455016E-02,  0.16620063E-01,  0.46989289E+00,  0.14418595E+00,  0.46447863E+00,  0.19339089E+00
      936., -0.99640125E-03,  0.13296051E-01,  0.46989289E+00,  0.14356818E+00,  0.46588182E+00,  0.15096359E+00
      937.,  0.37086822E-02,  0.16248799E-01,  0.46989289E+00,  0.14190692E+00,  0.46414355E+00,  0.20693341E+00
      938.,  0.29669458E-02,  0.12999039E-01,  0.46989289E+00,  0.14215316E+00,  0.46567377E+00,  0.16153507E+00
      939.,  0.83333333E-02,  0.14433757E-01,  0.46989289E+00,  0.13983515E+00,  0.46515051E+00,  0.20208900E+00
      940.,  0.66666667E-02,  0.11547005E-01,  0.46989289E+00,  0.14086683E+00,  0.46629897E+00,  0.15775345E+00
      941.,  0.12217531E-01,  0.11336212E-01,  0.46989289E+00,  0.13869062E+00,  0.46714958E+00,  0.17928809E+00
      942.,  0.97740250E-02,  0.90689698E-02,  0.46989289E+00,  0.14015621E+00,  0.46754016E+00,  0.13995475E+00
      943.,  0.15016148E-01,  0.72313957E-02,  0.46989289E+00,  0.13887107E+00,  0.46944602E+00,  0.14055665E+00
      944.,  0.12012918E-01,  0.57851165E-02,  0.46989289E+00,  0.14026825E+00,  0.46896599E+00,  0.10972046E+00
      945.,  0.16480514E-01,  0.24840378E-02,  0.46989289E+00,  0.14031380E+00,  0.47124177E+00,  0.89336133E-01
      946.,  0.13184411E-01,  0.19872302E-02,  0.46989289E+00,  0.14116401E+00,  0.47008095E+00,  0.69737020E-01
      947.,  0.16480514E-01, -0.24840378E-02,  0.46989289E+00,  0.14251742E+00,  0.47191277E+00,  0.30177697E-01
      948.,  0.13184411E-01, -0.19872302E-02,  0.46989289E+00,  0.14253221E+00,  0.47049756E+00,  0.23557129E-01
      949.,  0.15016148E-01, -0.72313957E-02,  0.46989289E+00,  0.14471613E+00,  0.47122583E+00, -0.31662146E-01
      950.,  0.12012918E-01, -0.57851165E-02,  0.46989289E+00,  0.14389736E+00,  0.47007105E+00, -0.24715904E-01
      951.,  0.12217531E-01, -0.11336212E-01,  0.46989289E+00,  0.14614582E+00,  0.46941967E+00, -0.90688663E-01
      952.,  0.97740250E-02, -0.90689698E-02,  0.46989289E+00,  0.14478503E+00,  0.46894963E+00, -0.70792815E-01
      953.,  0.83333333E-02, -0.14433757E-01,  0.46989289E+00,  0.14630964E+00,  0.46712198E+00, -0.14165710E+00
      954.,  0.66666667E-02, -0.11547005E-01,  0.46989289E+00,  0.14488674E+00,  0.46752303E+00, -0.11057948E+00
      955.,  0.37086822E-02, -0.16248799E-01,  0.46989289E+00,  0.14515066E+00,  0.46513126E+00, -0.18003869E+00
      956.,  0.29669458E-02, -0.12999039E-01,  0.46989289E+00,  0.14416715E+00,  0.46628702E+00, -0.14054068E+00
      957., -0.12455016E-02, -0.16620063E-01,  0.46989289E+00,  0.14307165E+00,  0.46413933E+00, -0.20242305E+00
      958., -0.99640125E-03, -0.13296051E-01,  0.46989289E+00,  0.14287632E+00,  0.46567115E+00, -0.15801422E+00
      959., -0.60890171E-02, -0.15514562E-01,  0.46989289E+00,  0.14079511E+00,  0.46449090E+00, -0.20682122E+00
      960., -0.48712137E-02, -0.12411650E-01,  0.46989289E+00,  0.14146285E+00,  0.46588944E+00, -0.16144750E+00
      961., -0.10391497E-01, -0.13030525E-01,  0.46989289E+00,  0.13911220E+00,  0.46606381E+00, -0.19284243E+00
      962., -0.83131974E-02, -0.10424420E-01,  0.46989289E+00,  0.14041795E+00,  0.46686603E+00, -0.15053546E+00
      963., -0.13770646E-01, -0.93886676E-02,  0.46989289E+00,  0.13860776E+00,  0.46831144E+00, -0.16172874E+00
      964., -0.11016517E-01, -0.75109341E-02,  0.46989289E+00,  0.14010476E+00,  0.46826155E+00, -0.12624769E+00
      965., -0.15926213E-01, -0.49125862E-02,  0.46989289E+00,  0.13945710E+00,  0.47045267E+00, -0.11624475E+00
      966., -0.12740971E-01, -0.39300690E-02,  0.46989289E+00,  0.14063210E+00,  0.46959101E+00, -0.90742258E-01
      967., -0.16666667E-01,  0.20410780E-17,  0.46129275E+00,  0.17483873E+00,  0.58352454E+00, -0.55570828E-01
      968., -0.13333333E-01,  0.16328624E-17,  0.46129275E+00,  0.17540225E+00,  0.58183897E+00, -0.43379558E-01
      969., -0.15926213E-01,  0.49125862E-02,  0.46129275E+00,  0.17771276E+00,  0.58351414E+00,  0.69017739E-03
      970., -0.12740971E-01,  0.39300690E-02,  0.46129275E+00,  0.17718672E+00,  0.58183251E+00,  0.53875969E-03
      971., -0.13770646E-01,  0.93886676E-02,  0.46129275E+00,  0.18008153E+00,  0.58188654E+00,  0.56889846E-01
      972., -0.11016517E-01,  0.75109341E-02,  0.46129275E+00,  0.17865747E+00,  0.58082195E+00,  0.44409196E-01
      973., -0.10391497E-01,  0.13030525E-01,  0.46129275E+00,  0.18112184E+00,  0.57920738E+00,  0.10803461E+00
      974., -0.83131974E-02,  0.10424420E-01,  0.46129275E+00,  0.17930339E+00,  0.57915847E+00,  0.84333684E-01
      975., -0.60890171E-02,  0.15514562E-01,  0.46129275E+00,  0.18047217E+00,  0.57640773E+00,  0.14958003E+00
      976., -0.48712137E-02,  0.12411650E-01,  0.46129275E+00,  0.17890002E+00,  0.57742019E+00,  0.11676476E+00
      977., -0.12455016E-02,  0.16620063E-01,  0.46129275E+00,  0.17835828E+00,  0.57446053E+00,  0.17783460E+00
      978., -0.99640125E-03,  0.13296051E-01,  0.46129275E+00,  0.17758752E+00,  0.57621119E+00,  0.13882077E+00
      979.,  0.37086822E-02,  0.16248799E-01,  0.46129275E+00,  0.17551481E+00,  0.57404246E+00,  0.19028779E+00
      980.,  0.29669458E-02,  0.12999039E-01,  0.46129275E+00,  0.17582203E+00,  0.57595161E+00,  0.14854195E+00
      981.,  0.83333333E-02,  0.14433757E-01,  0.46129275E+00,  0.17292992E+00,  0.57529882E+00,  0.18583307E+00
      982.,  0.66666667E-02,  0.11547005E-01,  0.46129275E+00,  0.17421708E+00,  0.57673167E+00,  0.14506452E+00
      983.,  0.12217531E-01,  0.11336212E-01,  0.46129275E+00,  0.17150192E+00,  0.57779300E+00,  0.16486627E+00
      984.,  0.97740250E-02,  0.90689698E-02,  0.46129275E+00,  0.17333045E+00,  0.57828029E+00,  0.12869747E+00
      985.,  0.15016148E-01,  0.72313957E-02,  0.46129275E+00,  0.17172707E+00,  0.58065820E+00,  0.12925038E+00
      986.,  0.12012918E-01,  0.57851165E-02,  0.46129275E+00,  0.17347024E+00,  0.58005927E+00,  0.10089509E+00
      987.,  0.16480514E-01,  0.24840378E-02,  0.46129275E+00,  0.17352712E+00,  0.58289870E+00,  0.82150025E-01
      988.,  0.13184411E-01,  0.19872302E-02,  0.46129275E+00,  0.17458788E+00,  0.58145039E+00,  0.64127740E-01
      989.,  0.16480514E-01, -0.24840378E-02,  0.46129275E+00,  0.17627652E+00,  0.58373589E+00,  0.27750267E-01
      990.,  0.13184411E-01, -0.19872302E-02,  0.46129275E+00,  0.17629496E+00,  0.58197019E+00,  0.21662345E-01
      991.,  0.15016148E-01, -0.72313957E-02,  0.46129275E+00,  0.17901978E+00,  0.58287882E+00, -0.29115211E-01
      992.,  0.12012918E-01, -0.57851165E-02,  0.46129275E+00,  0.17799823E+00,  0.58143804E+00, -0.22727834E-01
      993.,  0.12217531E-01, -0.11336212E-01,  0.46129275E+00,  0.18080356E+00,  0.58062533E+00, -0.83393670E-01
      994.,  0.97740250E-02, -0.90689698E-02,  0.46129275E+00,  0.17910577E+00,  0.58003886E+00, -0.65098539E-01
      995.,  0.83333333E-02, -0.14433757E-01,  0.46129275E+00,  0.18100796E+00,  0.57775857E+00, -0.13026225E+00
      996.,  0.66666667E-02, -0.11547005E-01,  0.46129275E+00,  0.17923268E+00,  0.57825891E+00, -0.10168496E+00
      997.,  0.37086822E-02, -0.16248799E-01,  0.46129275E+00,  0.17956193E+00,  0.57527480E+00, -0.16555645E+00
      998.,  0.29669458E-02, -0.12999039E-01,  0.46129275E+00,  0.17833485E+00,  0.57671676E+00, -0.12923623E+00
      999., -0.12455016E-02, -0.16620063E-01,  0.46129275E+00,  0.17696801E+00,  0.57403720E+00, -0.18614023E+00
     1000., -0.99640125E-03, -0.13296051E-01,  0.46129275E+00,  0.17672430E+00,  0.57594834E+00, -0.14530429E+00
     1001., -0.60890171E-02, -0.15514562E-01,  0.46129275E+00,  0.17412764E+00,  0.57447584E+00, -0.19018463E+00
     1002., -0.48712137E-02, -0.12411650E-01,  0.46129275E+00,  0.17496073E+00,  0.57622069E+00, -0.14846142E+00
     1003., -0.10391497E-01, -0.13030525E-01,  0.46129275E+00,  0.17202792E+00,  0.57643831E+00, -0.17733030E+00
     1004., -0.83131974E-02, -0.10424420E-01,  0.46129275E+00,  0.17365703E+00,  0.57743917E+00, -0.13842711E+00
     1005., -0.13770646E-01, -0.93886676E-02,  0.46129275E+00,  0.17139854E+00,  0.57924260E+00, -0.14871940E+00
     1006., -0.11016517E-01, -0.75109341E-02,  0.46129275E+00,  0.17326626E+00,  0.57918034E+00, -0.11609294E+00
     1007., -0.15926213E-01, -0.49125862E-02,  0.46129275E+00,  0.17245824E+00,  0.58191415E+00, -0.10689412E+00
     1008., -0.12740971E-01, -0.39300690E-02,  0.46129275E+00,  0.17392422E+00,  0.58083909E+00, -0.83443412E-01
     1009., -0.16666667E-01,  0.20410780E-17,  0.45236427E+00,  0.20630213E+00,  0.68859162E+00, -0.49445122E-01
     1010., -0.13333333E-01,  0.16328624E-17,  0.45236427E+00,  0.20697071E+00,  0.68659172E+00, -0.38597904E-01
     1011., -0.15926213E-01,  0.49125862E-02,  0.45236427E+00,  0.20971213E+00,  0.68857927E+00,  0.61403692E-03
     1012., -0.12740971E-01,  0.39300690E-02,  0.45236427E+00,  0.20908798E+00,  0.68658406E+00,  0.47932401E-03
     1013., -0.13770646E-01,  0.93886676E-02,  0.45236427E+00,  0.21252264E+00,  0.68664815E+00,  0.50618627E-01
     1014., -0.11016517E-01,  0.75109341E-02,  0.45236427E+00,  0.21083304E+00,  0.68538502E+00,  0.39513953E-01
     1015., -0.10391497E-01,  0.13030525E-01,  0.45236427E+00,  0.21375697E+00,  0.68346936E+00,  0.96125531E-01
     1016., -0.83131974E-02,  0.10424420E-01,  0.45236427E+00,  0.21159943E+00,  0.68341131E+00,  0.75037597E-01
     1017., -0.60890171E-02,  0.15514562E-01,  0.45236427E+00,  0.21298613E+00,  0.68014761E+00,  0.13309127E+00
     1018., -0.48712137E-02,  0.12411650E-01,  0.45236427E+00,  0.21112082E+00,  0.68134883E+00,  0.10389383E+00
     1019., -0.12455016E-02,  0.16620063E-01,  0.45236427E+00,  0.21047804E+00,  0.67783729E+00,  0.15823126E+00
     1020., -0.99640125E-03,  0.13296051E-01,  0.45236427E+00,  0.20956354E+00,  0.67991435E+00,  0.12351863E+00
     1021.,  0.37086822E-02,  0.16248799E-01,  0.45236427E+00,  0.20710429E+00,  0.67734126E+00,  0.16931171E+00
     1022.,  0.29669458E-02,  0.12999039E-01,  0.45236427E+00,  0.20746878E+00,  0.67960637E+00,  0.13216826E+00
     1023.,  0.83333333E-02,  0.14433757E-01,  0.45236427E+00,  0.20403735E+00,  0.67883191E+00,  0.16534807E+00
     1024.,  0.66666667E-02,  0.11547005E-01,  0.45236427E+00,  0.20556452E+00,  0.68053191E+00,  0.12907416E+00
     1025.,  0.12217531E-01,  0.11336212E-01,  0.45236427E+00,  0.20234305E+00,  0.68179122E+00,  0.14669252E+00
     1026.,  0.97740250E-02,  0.90689698E-02,  0.45236427E+00,  0.20451252E+00,  0.68236935E+00,  0.11451126E+00
     1027.,  0.15016148E-01,  0.72313957E-02,  0.45236427E+00,  0.20261018E+00,  0.68519075E+00,  0.11500271E+00
     1028.,  0.12012918E-01,  0.57851165E-02,  0.45236427E+00,  0.20467839E+00,  0.68448012E+00,  0.89773531E-01
     1029.,  0.16480514E-01,  0.24840378E-02,  0.45236427E+00,  0.20474592E+00,  0.68784908E+00,  0.73094401E-01
     1030.,  0.13184411E-01,  0.19872302E-02,  0.45236427E+00,  0.20600446E+00,  0.68613068E+00,  0.57059025E-01
     1031.,  0.16480514E-01, -0.24840378E-02,  0.45236427E+00,  0.20800804E+00,  0.68884240E+00,  0.24691320E-01
     1032.,  0.13184411E-01, -0.19872302E-02,  0.45236427E+00,  0.20802991E+00,  0.68674743E+00,  0.19274567E-01
     1033.,  0.15016148E-01, -0.72313957E-02,  0.45236427E+00,  0.21126289E+00,  0.68782550E+00, -0.25905680E-01
     1034.,  0.12012918E-01, -0.57851165E-02,  0.45236427E+00,  0.21005085E+00,  0.68611603E+00, -0.20222511E-01
     1035.,  0.12217531E-01, -0.11336212E-01,  0.45236427E+00,  0.21337933E+00,  0.68515176E+00, -0.74200844E-01
     1036.,  0.97740250E-02, -0.90689698E-02,  0.45236427E+00,  0.21136495E+00,  0.68445591E+00, -0.57922726E-01
     1037.,  0.83333333E-02, -0.14433757E-01,  0.45236427E+00,  0.21362184E+00,  0.68175038E+00, -0.11590295E+00
     1038.,  0.66666667E-02, -0.11547005E-01,  0.45236427E+00,  0.21151552E+00,  0.68234399E+00, -0.90476261E-01
     1039.,  0.37086822E-02, -0.16248799E-01,  0.45236427E+00,  0.21190615E+00,  0.67880343E+00, -0.14730656E+00
     1040.,  0.29669458E-02, -0.12999039E-01,  0.45236427E+00,  0.21045025E+00,  0.68051423E+00, -0.11499058E+00
     1041., -0.12455016E-02, -0.16620063E-01,  0.45236427E+00,  0.20882850E+00,  0.67733502E+00, -0.16562134E+00
     1042., -0.99640125E-03, -0.13296051E-01,  0.45236427E+00,  0.20853933E+00,  0.67960249E+00, -0.12928748E+00
     1043., -0.60890171E-02, -0.15514562E-01,  0.45236427E+00,  0.20545844E+00,  0.67785545E+00, -0.16921993E+00
     1044., -0.48712137E-02, -0.12411650E-01,  0.45236427E+00,  0.20644686E+00,  0.67992563E+00, -0.13209662E+00
     1045., -0.10391497E-01, -0.13030525E-01,  0.45236427E+00,  0.20296714E+00,  0.68018389E+00, -0.15778259E+00
     1046., -0.83131974E-02, -0.10424420E-01,  0.45236427E+00,  0.20490001E+00,  0.68137135E+00, -0.12316840E+00
     1047., -0.13770646E-01, -0.93886676E-02,  0.45236427E+00,  0.20222039E+00,  0.68351114E+00, -0.13232558E+00
     1048., -0.11016517E-01, -0.75109341E-02,  0.45236427E+00,  0.20443636E+00,  0.68343725E+00, -0.10329613E+00
     1049., -0.15926213E-01, -0.49125862E-02,  0.45236427E+00,  0.20347770E+00,  0.68668090E+00, -0.95110866E-01
     1050., -0.12740971E-01, -0.39300690E-02,  0.45236427E+00,  0.20521702E+00,  0.68540536E+00, -0.74245540E-01
     1051., -0.16666667E-01,  0.20410780E-17,  0.44309492E+00,  0.23476488E+00,  0.78363738E+00, -0.42052023E-01
     1052., -0.13333333E-01,  0.16328624E-17,  0.44309492E+00,  0.23552845E+00,  0.78135332E+00, -0.32826842E-01
     1053., -0.15926213E-01,  0.49125862E-02,  0.44309492E+00,  0.23865942E+00,  0.78362328E+00,  0.52214821E-03
     1054., -0.12740971E-01,  0.39300690E-02,  0.44309492E+00,  0.23794660E+00,  0.78134456E+00,  0.40759523E-03
     1055., -0.13770646E-01,  0.93886676E-02,  0.44309492E+00,  0.24186930E+00,  0.78141776E+00,  0.43049914E-01
     1056., -0.11016517E-01,  0.75109341E-02,  0.44309492E+00,  0.23993964E+00,  0.77997514E+00,  0.33605808E-01
     1057., -0.10391497E-01,  0.13030525E-01,  0.44309492E+00,  0.24327901E+00,  0.77778728E+00,  0.81752509E-01
     1058., -0.83131974E-02,  0.10424420E-01,  0.44309492E+00,  0.24081494E+00,  0.77772094E+00,  0.63818000E-01
     1059., -0.60890171E-02,  0.15514562E-01,  0.44309492E+00,  0.24239865E+00,  0.77399353E+00,  0.11319104E+00
     1060., -0.48712137E-02,  0.12411650E-01,  0.44309492E+00,  0.24026832E+00,  0.77536537E+00,  0.88359689E-01
     1061., -0.12455016E-02,  0.16620063E-01,  0.44309492E+00,  0.23953417E+00,  0.77135491E+00,  0.13457205E+00
     1062., -0.99640125E-03,  0.13296051E-01,  0.44309492E+00,  0.23848974E+00,  0.77372704E+00,  0.10505023E+00
     1063.,  0.37086822E-02,  0.16248799E-01,  0.44309492E+00,  0.23568103E+00,  0.77078840E+00,  0.14399574E+00
     1064.,  0.29669458E-02,  0.12999039E-01,  0.44309492E+00,  0.23609730E+00,  0.77337529E+00,  0.11240659E+00
     1065.,  0.83333333E-02,  0.14433757E-01,  0.44309492E+00,  0.23217830E+00,  0.77249087E+00,  0.14062478E+00
     1066.,  0.66666667E-02,  0.11547005E-01,  0.44309492E+00,  0.23392242E+00,  0.77443236E+00,  0.10977514E+00
     1067.,  0.12217531E-01,  0.11336212E-01,  0.44309492E+00,  0.23024324E+00,  0.77587069E+00,  0.12475869E+00
     1068.,  0.97740250E-02,  0.90689698E-02,  0.44309492E+00,  0.23272093E+00,  0.77653092E+00,  0.97389679E-01
     1069.,  0.15016148E-01,  0.72313957E-02,  0.44309492E+00,  0.23054834E+00,  0.77975327E+00,  0.97807240E-01
     1070.,  0.12012918E-01,  0.57851165E-02,  0.44309492E+00,  0.23291037E+00,  0.77894165E+00,  0.76350725E-01
     1071.,  0.16480514E-01,  0.24840378E-02,  0.44309492E+00,  0.23298755E+00,  0.78278934E+00,  0.62165190E-01
     1072.,  0.13184411E-01,  0.19872302E-02,  0.44309492E+00,  0.23442489E+00,  0.78082676E+00,  0.48527671E-01
     1073.,  0.16480514E-01, -0.24840378E-02,  0.44309492E+00,  0.23671320E+00,  0.78392380E+00,  0.20999482E-01
     1074.,  0.13184411E-01, -0.19872302E-02,  0.44309492E+00,  0.23673817E+00,  0.78153116E+00,  0.16392713E-01
     1075.,  0.15016148E-01, -0.72313957E-02,  0.44309492E+00,  0.24043055E+00,  0.78276240E+00, -0.22032114E-01
     1076.,  0.12012918E-01, -0.57851165E-02,  0.44309492E+00,  0.23904630E+00,  0.78081004E+00, -0.17198800E-01
     1077.,  0.12217531E-01, -0.11336212E-01,  0.44309492E+00,  0.24284772E+00,  0.77970874E+00, -0.63106055E-01
     1078.,  0.97740250E-02, -0.90689698E-02,  0.44309492E+00,  0.24054714E+00,  0.77891400E+00, -0.49262123E-01
     1079.,  0.83333333E-02, -0.14433757E-01,  0.44309492E+00,  0.24312470E+00,  0.77582405E+00, -0.98572754E-01
     1080.,  0.66666667E-02, -0.11547005E-01,  0.44309492E+00,  0.24071912E+00,  0.77650196E+00, -0.76948295E-01
     1081.,  0.37086822E-02, -0.16248799E-01,  0.44309492E+00,  0.24116522E+00,  0.77245834E+00, -0.12528083E+00
     1082.,  0.29669458E-02, -0.12999039E-01,  0.44309492E+00,  0.23950246E+00,  0.77441217E+00, -0.97797276E-01
     1083., -0.12455016E-02, -0.16620063E-01,  0.44309492E+00,  0.23765025E+00,  0.77078128E+00, -0.14085716E+00
     1084., -0.99640125E-03, -0.13296051E-01,  0.44309492E+00,  0.23731999E+00,  0.77337086E+00, -0.10995653E+00
     1085., -0.60890171E-02, -0.15514562E-01,  0.44309492E+00,  0.23380131E+00,  0.77137566E+00, -0.14391770E+00
     1086., -0.48712137E-02, -0.12411650E-01,  0.44309492E+00,  0.23493015E+00,  0.77373992E+00, -0.11234567E+00
     1087., -0.10391497E-01, -0.13030525E-01,  0.44309492E+00,  0.23095601E+00,  0.77403496E+00, -0.13419053E+00
     1088., -0.83131974E-02, -0.10424420E-01,  0.44309492E+00,  0.23316349E+00,  0.77539110E+00, -0.10475241E+00
     1089., -0.13770646E-01, -0.93886676E-02,  0.44309492E+00,  0.23010315E+00,  0.77783499E+00, -0.11253994E+00
     1090., -0.11016517E-01, -0.75109341E-02,  0.44309492E+00,  0.23263394E+00,  0.77775057E+00, -0.87851430E-01
     1091., -0.15926213E-01, -0.49125862E-02,  0.44309492E+00,  0.23153912E+00,  0.78145516E+00, -0.80889688E-01
     1092., -0.12740971E-01, -0.39300690E-02,  0.44309492E+00,  0.23352554E+00,  0.77999836E+00, -0.63144471E-01
     1093., -0.16666667E-01,  0.20410780E-17,  0.43347169E+00,  0.25914532E+00,  0.86504969E+00, -0.33430834E-01
     1094., -0.13333333E-01,  0.16328624E-17,  0.43347169E+00,  0.25999016E+00,  0.86252244E+00, -0.26097031E-01
     1095., -0.15926213E-01,  0.49125862E-02,  0.43347169E+00,  0.26345455E+00,  0.86503409E+00,  0.41499866E-03
     1096., -0.12740971E-01,  0.39300690E-02,  0.43347169E+00,  0.26266583E+00,  0.86251276E+00,  0.32395320E-03
     1097., -0.13770646E-01,  0.93886676E-02,  0.43347169E+00,  0.26700621E+00,  0.86259373E+00,  0.34223950E-01
     1098., -0.11016517E-01,  0.75109341E-02,  0.43347169E+00,  0.26487111E+00,  0.86099750E+00,  0.26716146E-01
     1099., -0.10391497E-01,  0.13030525E-01,  0.43347169E+00,  0.26856603E+00,  0.85857668E+00,  0.64991955E-01
     1100., -0.83131974E-02,  0.10424420E-01,  0.43347169E+00,  0.26583963E+00,  0.85850325E+00,  0.50734493E-01
     1101., -0.60890171E-02,  0.15514562E-01,  0.43347169E+00,  0.26759193E+00,  0.85437897E+00,  0.89985146E-01
     1102., -0.48712137E-02,  0.12411650E-01,  0.43347169E+00,  0.26523479E+00,  0.85589683E+00,  0.70244864E-01
     1103., -0.12455016E-02,  0.16620063E-01,  0.43347169E+00,  0.26442243E+00,  0.85145940E+00,  0.10698276E+00
     1104., -0.99640125E-03,  0.13296051E-01,  0.43347169E+00,  0.26326681E+00,  0.85408402E+00,  0.83513667E-01
     1105.,  0.37086822E-02,  0.16248799E-01,  0.43347169E+00,  0.26015902E+00,  0.85083256E+00,  0.11447448E+00
     1106.,  0.29669458E-02,  0.12999039E-01,  0.43347169E+00,  0.26061959E+00,  0.85369481E+00,  0.89361913E-01
     1107.,  0.83333333E-02,  0.14433757E-01,  0.43347169E+00,  0.25628331E+00,  0.85271631E+00,  0.11179464E+00
     1108.,  0.66666667E-02,  0.11547005E-01,  0.43347169E+00,  0.25821310E+00,  0.85486445E+00,  0.87269961E-01
     1109.,  0.12217531E-01,  0.11336212E-01,  0.43347169E+00,  0.25414221E+00,  0.85645600E+00,  0.99181362E-01
     1110.,  0.97740250E-02,  0.90689698E-02,  0.43347169E+00,  0.25688366E+00,  0.85718649E+00,  0.77423691E-01
     1111.,  0.15016148E-01,  0.72313957E-02,  0.43347169E+00,  0.25447979E+00,  0.86075201E+00,  0.77755385E-01
     1112.,  0.12012918E-01,  0.57851165E-02,  0.43347169E+00,  0.25709327E+00,  0.85985394E+00,  0.60697989E-01
     1113.,  0.16480514E-01,  0.24840378E-02,  0.43347169E+00,  0.25717873E+00,  0.86411136E+00,  0.49420499E-01
     1114.,  0.13184411E-01,  0.19872302E-02,  0.43347169E+00,  0.25876908E+00,  0.86193981E+00,  0.38579002E-01
     1115.,  0.16480514E-01, -0.24840378E-02,  0.43347169E+00,  0.26130110E+00,  0.86536661E+00,  0.16694377E-01
     1116.,  0.13184411E-01, -0.19872302E-02,  0.43347169E+00,  0.26132871E+00,  0.86271922E+00,  0.13032095E-01
     1117.,  0.15016148E-01, -0.72313957E-02,  0.43347169E+00,  0.26541427E+00,  0.86408155E+00, -0.17515105E-01
     1118.,  0.12012918E-01, -0.57851165E-02,  0.43347169E+00,  0.26388264E+00,  0.86192130E+00, -0.13672765E-01
     1119.,  0.12217531E-01, -0.11336212E-01,  0.43347169E+00,  0.26808882E+00,  0.86070274E+00, -0.50168291E-01
     1120.,  0.97740250E-02, -0.90689698E-02,  0.43347169E+00,  0.26554331E+00,  0.85982335E+00, -0.39162736E-01
     1121.,  0.83333333E-02, -0.14433757E-01,  0.43347169E+00,  0.26839529E+00,  0.85640440E+00, -0.78363810E-01
     1122.,  0.66666667E-02, -0.11547005E-01,  0.43347169E+00,  0.26573361E+00,  0.85715445E+00, -0.61172931E-01
     1123.,  0.37086822E-02, -0.16248799E-01,  0.43347169E+00,  0.26622717E+00,  0.85268032E+00, -0.99596362E-01
     1124.,  0.29669458E-02, -0.12999039E-01,  0.43347169E+00,  0.26438738E+00,  0.85484211E+00, -0.77747644E-01
     1125., -0.12455016E-02, -0.16620063E-01,  0.43347169E+00,  0.26233793E+00,  0.85082468E+00, -0.11197934E+00
     1126., -0.99640125E-03, -0.13296051E-01,  0.43347169E+00,  0.26197249E+00,  0.85368991E+00, -0.87414135E-01
     1127., -0.60890171E-02, -0.15514562E-01,  0.43347169E+00,  0.25807916E+00,  0.85148236E+00, -0.11441246E+00
     1128., -0.48712137E-02, -0.12411650E-01,  0.43347169E+00,  0.25932816E+00,  0.85409827E+00, -0.89313495E-01
     1129., -0.10391497E-01, -0.13030525E-01,  0.43347169E+00,  0.25493089E+00,  0.85442481E+00, -0.10667953E+00
     1130., -0.83131974E-02, -0.10424420E-01,  0.43347169E+00,  0.25737335E+00,  0.85592529E+00, -0.83276960E-01
     1131., -0.13770646E-01, -0.93886676E-02,  0.43347169E+00,  0.25398722E+00,  0.85862947E+00, -0.89467655E-01
     1132., -0.11016517E-01, -0.75109341E-02,  0.43347169E+00,  0.25678742E+00,  0.85853603E+00, -0.69840905E-01
     1133., -0.15926213E-01, -0.49125862E-02,  0.43347169E+00,  0.25557608E+00,  0.86263512E+00, -0.64306192E-01
     1134., -0.12740971E-01, -0.39300690E-02,  0.43347169E+00,  0.25777397E+00,  0.86102319E+00, -0.50199179E-01
     1135., -0.16666667E-01,  0.20410780E-17,  0.42348105E+00,  0.27829585E+00,  0.92899640E+00, -0.23671997E-01
     1136., -0.13333333E-01,  0.16328624E-17,  0.42348105E+00,  0.27920443E+00,  0.92627839E+00, -0.18479044E-01
     1137., -0.15926213E-01,  0.49125862E-02,  0.42348105E+00,  0.28293038E+00,  0.92897963E+00,  0.29371350E-03
     1138., -0.12740971E-01,  0.39300690E-02,  0.42348105E+00,  0.28208212E+00,  0.92626797E+00,  0.22927465E-03
     1139., -0.13770646E-01,  0.93886676E-02,  0.42348105E+00,  0.28675015E+00,  0.92635505E+00,  0.24233322E-01
     1140., -0.11016517E-01,  0.75109341E-02,  0.42348105E+00,  0.28445391E+00,  0.92463830E+00,  0.18917217E-01
     1141., -0.10391497E-01,  0.13030525E-01,  0.42348105E+00,  0.28842772E+00,  0.92203475E+00,  0.46019694E-01
     1142., -0.83131974E-02,  0.10424420E-01,  0.42348105E+00,  0.28549556E+00,  0.92195573E+00,  0.35924284E-01
     1143., -0.60890171E-02,  0.15514562E-01,  0.42348105E+00,  0.28738009E+00,  0.91752015E+00,  0.63717020E-01
     1144., -0.48712137E-02,  0.12411650E-01,  0.42348105E+00,  0.28484506E+00,  0.91915251E+00,  0.49739324E-01
     1145., -0.12455016E-02,  0.16620063E-01,  0.42348105E+00,  0.28397133E+00,  0.91438018E+00,  0.75752805E-01
     1146., -0.99640125E-03,  0.13296051E-01,  0.42348105E+00,  0.28272848E+00,  0.91720283E+00,  0.59134804E-01
     1147.,  0.37086822E-02,  0.16248799E-01,  0.42348105E+00,  0.27938607E+00,  0.91370602E+00,  0.81057621E-01
     1148.,  0.29669458E-02,  0.12999039E-01,  0.42348105E+00,  0.27988138E+00,  0.91678423E+00,  0.63275896E-01
     1149.,  0.83333333E-02,  0.14433757E-01,  0.42348105E+00,  0.27521779E+00,  0.91573197E+00,  0.79160110E-01
     1150.,  0.66666667E-02,  0.11547005E-01,  0.42348105E+00,  0.27729320E+00,  0.91804218E+00,  0.61794646E-01
     1151.,  0.12217531E-01,  0.11336212E-01,  0.42348105E+00,  0.27291505E+00,  0.91975398E+00,  0.70228878E-01
     1152.,  0.97740250E-02,  0.90689698E-02,  0.42348105E+00,  0.27586338E+00,  0.92053954E+00,  0.54822672E-01
     1153.,  0.15016148E-01,  0.72313957E-02,  0.42348105E+00,  0.27327812E+00,  0.92437429E+00,  0.55057504E-01
     1154.,  0.12012918E-01,  0.57851165E-02,  0.42348105E+00,  0.27608881E+00,  0.92340840E+00,  0.42979465E-01
     1155.,  0.16480514E-01,  0.24840378E-02,  0.42348105E+00,  0.27618080E+00,  0.92798723E+00,  0.34994027E-01
     1156.,  0.13184411E-01,  0.19872302E-02,  0.42348105E+00,  0.27789116E+00,  0.92565176E+00,  0.27317343E-01
     1157.,  0.16480514E-01, -0.24840378E-02,  0.42348105E+00,  0.28061437E+00,  0.92933725E+00,  0.11821173E-01
     1158.,  0.13184411E-01, -0.19872302E-02,  0.42348105E+00,  0.28064405E+00,  0.92649002E+00,  0.92279499E-02
     1159.,  0.15016148E-01, -0.72313957E-02,  0.42348105E+00,  0.28503804E+00,  0.92795518E+00, -0.12402039E-01
     1160.,  0.12012918E-01, -0.57851165E-02,  0.42348105E+00,  0.28339082E+00,  0.92563186E+00, -0.96813819E-02
     1161.,  0.12217531E-01, -0.11336212E-01,  0.42348105E+00,  0.28791450E+00,  0.92432130E+00, -0.35523274E-01
     1162.,  0.97740250E-02, -0.90689698E-02,  0.42348105E+00,  0.28517688E+00,  0.92337550E+00, -0.27730479E-01
     1163.,  0.83333333E-02, -0.14433757E-01,  0.42348105E+00,  0.28824410E+00,  0.91969848E+00, -0.55488114E-01
     1164.,  0.66666667E-02, -0.11547005E-01,  0.42348105E+00,  0.28538154E+00,  0.92050509E+00, -0.43315605E-01
     1165.,  0.37086822E-02, -0.16248799E-01,  0.42348105E+00,  0.28591231E+00,  0.91569327E+00, -0.70522593E-01
     1166.,  0.29669458E-02, -0.12999039E-01,  0.42348105E+00,  0.28393367E+00,  0.91801816E+00, -0.55051950E-01
     1167., -0.12455016E-02, -0.16620063E-01,  0.42348105E+00,  0.28172947E+00,  0.91369755E+00, -0.79290827E-01
     1168., -0.99640125E-03, -0.13296051E-01,  0.42348105E+00,  0.28133645E+00,  0.91677897E+00, -0.61896686E-01
     1169., -0.60890171E-02, -0.15514562E-01,  0.42348105E+00,  0.27714921E+00,  0.91440487E+00, -0.81013723E-01
     1170., -0.48712137E-02, -0.12411650E-01,  0.42348105E+00,  0.27849246E+00,  0.91721816E+00, -0.63241629E-01
     1171., -0.10391497E-01, -0.13030525E-01,  0.42348105E+00,  0.27376328E+00,  0.91756945E+00, -0.75538194E-01
     1172., -0.83131974E-02, -0.10424420E-01,  0.42348105E+00,  0.27639005E+00,  0.91918312E+00, -0.58967276E-01
     1173., -0.13770646E-01, -0.93886676E-02,  0.42348105E+00,  0.27274837E+00,  0.92209152E+00, -0.63350767E-01
     1174., -0.11016517E-01, -0.75109341E-02,  0.42348105E+00,  0.27575988E+00,  0.92199098E+00, -0.49453424E-01
     1175., -0.15926213E-01, -0.49125862E-02,  0.42348105E+00,  0.27445717E+00,  0.92639955E+00, -0.45534348E-01
     1176., -0.12740971E-01, -0.39300690E-02,  0.42348105E+00,  0.27682091E+00,  0.92466594E+00, -0.35545419E-01
     1177., -0.16666667E-01,  0.20410780E-17,  0.41310900E+00,  0.29104034E+00,  0.97155012E+00, -0.12926084E-01
     1178., -0.13333333E-01,  0.16328624E-17,  0.41310900E+00,  0.29199123E+00,  0.96870549E+00, -0.10090396E-01
     1179., -0.15926213E-01,  0.49125862E-02,  0.41310900E+00,  0.29589079E+00,  0.97153256E+00,  0.16016567E-03
     1180., -0.12740971E-01,  0.39300690E-02,  0.41310900E+00,  0.29500302E+00,  0.96869459E+00,  0.12502561E-03
     1181., -0.13770646E-01,  0.93886676E-02,  0.41310900E+00,  0.29988853E+00,  0.96878570E+00,  0.13232182E-01
     1182., -0.11016517E-01,  0.75109341E-02,  0.41310900E+00,  0.29748535E+00,  0.96698897E+00,  0.10329336E-01
     1183., -0.10391497E-01,  0.13030525E-01,  0.41310900E+00,  0.30164426E+00,  0.96426413E+00,  0.25128462E-01
     1184., -0.83131974E-02,  0.10424420E-01,  0.41310900E+00,  0.29857554E+00,  0.96418138E+00,  0.19615839E-01
     1185., -0.60890171E-02,  0.15514562E-01,  0.41310900E+00,  0.30054782E+00,  0.95953920E+00,  0.34791970E-01
     1186., -0.48712137E-02,  0.12411650E-01,  0.41310900E+00,  0.29789473E+00,  0.96124752E+00,  0.27159393E-01
     1187., -0.12455016E-02,  0.16620063E-01,  0.41310900E+00,  0.29698025E+00,  0.95625293E+00,  0.41364056E-01
     1188., -0.99640125E-03,  0.13296051E-01,  0.41310900E+00,  0.29567951E+00,  0.95920698E+00,  0.32289712E-01
     1189.,  0.37086822E-02,  0.16248799E-01,  0.41310900E+00,  0.29218137E+00,  0.95554737E+00,  0.44260765E-01
     1190.,  0.29669458E-02,  0.12999039E-01,  0.41310900E+00,  0.29269973E+00,  0.95876887E+00,  0.34550949E-01
     1191.,  0.83333333E-02,  0.14433757E-01,  0.41310900E+00,  0.28781888E+00,  0.95766770E+00,  0.43224710E-01
     1192.,  0.66666667E-02,  0.11547005E-01,  0.41310900E+00,  0.28999093E+00,  0.96008545E+00,  0.33742182E-01
     1193.,  0.12217531E-01,  0.11336212E-01,  0.41310900E+00,  0.28540887E+00,  0.96187709E+00,  0.38347950E-01
     1194.,  0.97740250E-02,  0.90689698E-02,  0.41310900E+00,  0.28849447E+00,  0.96269919E+00,  0.29935274E-01
     1195.,  0.15016148E-01,  0.72313957E-02,  0.41310900E+00,  0.28578885E+00,  0.96671266E+00,  0.30063808E-01
     1196.,  0.12012918E-01,  0.57851165E-02,  0.41310900E+00,  0.28873042E+00,  0.96570175E+00,  0.23468488E-01
     1197.,  0.16480514E-01,  0.24840378E-02,  0.41310900E+00,  0.28882677E+00,  0.97049394E+00,  0.19108363E-01
     1198.,  0.13184411E-01,  0.19872302E-02,  0.41310900E+00,  0.29061675E+00,  0.96804966E+00,  0.14916421E-01
     1199.,  0.16480514E-01, -0.24840378E-02,  0.41310900E+00,  0.29346689E+00,  0.97190685E+00,  0.64550549E-02
     1200.,  0.13184411E-01, -0.19872302E-02,  0.41310900E+00,  0.29349795E+00,  0.96892699E+00,  0.50389642E-02
     1201.,  0.15016148E-01, -0.72313957E-02,  0.41310900E+00,  0.29809666E+00,  0.97046039E+00, -0.67718110E-02
     1202.,  0.12012918E-01, -0.57851165E-02,  0.41310900E+00,  0.29637272E+00,  0.96802883E+00, -0.52862251E-02
     1203.,  0.12217531E-01, -0.11336212E-01,  0.41310900E+00,  0.30110713E+00,  0.96665721E+00, -0.19396971E-01
     1204.,  0.97740250E-02, -0.90689698E-02,  0.41310900E+00,  0.29824202E+00,  0.96566732E+00, -0.15141710E-01
     1205.,  0.83333333E-02, -0.14433757E-01,  0.41310900E+00,  0.30145210E+00,  0.96181902E+00, -0.30298628E-01
     1206.,  0.66666667E-02, -0.11547005E-01,  0.41310900E+00,  0.29845621E+00,  0.96266313E+00, -0.23651788E-01
     1207.,  0.37086822E-02, -0.16248799E-01,  0.41310900E+00,  0.29901167E+00,  0.95762720E+00, -0.38508117E-01
     1208.,  0.29669458E-02, -0.12999039E-01,  0.41310900E+00,  0.29694087E+00,  0.96006030E+00, -0.30060302E-01
     1209., -0.12455016E-02, -0.16620063E-01,  0.41310900E+00,  0.29463395E+00,  0.95553850E+00, -0.43295991E-01
     1210., -0.99640125E-03, -0.13296051E-01,  0.41310900E+00,  0.29422261E+00,  0.95876336E+00, -0.33797825E-01
     1211., -0.60890171E-02, -0.15514562E-01,  0.41310900E+00,  0.28984029E+00,  0.95627877E+00, -0.44236826E-01
     1212., -0.48712137E-02, -0.12411650E-01,  0.41310900E+00,  0.29124608E+00,  0.95922302E+00, -0.34532263E-01
     1213., -0.10391497E-01, -0.13030525E-01,  0.41310900E+00,  0.28629661E+00,  0.95959078E+00, -0.41247026E-01
     1214., -0.83131974E-02, -0.10424420E-01,  0.41310900E+00,  0.28904569E+00,  0.96127955E+00, -0.32198358E-01
     1215., -0.13770646E-01, -0.93886676E-02,  0.41310900E+00,  0.28523441E+00,  0.96432354E+00, -0.34592246E-01
     1216., -0.11016517E-01, -0.75109341E-02,  0.41310900E+00,  0.28838614E+00,  0.96421827E+00, -0.27003488E-01
     1217., -0.15926213E-01, -0.49125862E-02,  0.41310900E+00,  0.28702282E+00,  0.96883227E+00, -0.24863795E-01
     1218., -0.12740971E-01, -0.39300690E-02,  0.41310900E+00,  0.28949662E+00,  0.96701789E+00, -0.19409241E-01
     1219., -0.16666667E-01,  0.20410780E-17,  0.40234095E+00,  0.29622528E+00,  0.98885900E+00, -0.14120228E-02
     1220., -0.13333333E-01,  0.16328624E-17,  0.40234095E+00,  0.29719318E+00,  0.98596338E+00, -0.11019660E-02
     1221., -0.15926213E-01,  0.49125862E-02,  0.40234095E+00,  0.30116270E+00,  0.98884113E+00,  0.17080610E-04
     1222., -0.12740971E-01,  0.39300690E-02,  0.40234095E+00,  0.30025902E+00,  0.98595228E+00,  0.13330156E-04
     1223., -0.13770646E-01,  0.93886676E-02,  0.40234095E+00,  0.30523211E+00,  0.98604502E+00,  0.14446664E-02
     1224., -0.11016517E-01,  0.75109341E-02,  0.40234095E+00,  0.30278589E+00,  0.98421607E+00,  0.11274418E-02
     1225., -0.10391497E-01,  0.13030525E-01,  0.40234095E+00,  0.30701932E+00,  0.98144238E+00,  0.27438873E-02
     1226., -0.83131974E-02,  0.10424420E-01,  0.40234095E+00,  0.30389564E+00,  0.98135810E+00,  0.21413756E-02
     1227., -0.60890171E-02,  0.15514562E-01,  0.40234095E+00,  0.30590322E+00,  0.97663273E+00,  0.37993030E-02
     1228., -0.48712137E-02,  0.12411650E-01,  0.40234095E+00,  0.30320261E+00,  0.97837160E+00,  0.29650390E-02
     1229., -0.12455016E-02,  0.16620063E-01,  0.40234095E+00,  0.30227169E+00,  0.97328755E+00,  0.45171327E-02
     1230., -0.99640125E-03,  0.13296051E-01,  0.40234095E+00,  0.30094764E+00,  0.97629444E+00,  0.35252453E-02
     1231.,  0.37086822E-02,  0.16248799E-01,  0.40234095E+00,  0.29738676E+00,  0.97256933E+00,  0.48335952E-02
     1232.,  0.29669458E-02,  0.12999039E-01,  0.40234095E+00,  0.29791439E+00,  0.97584847E+00,  0.37722183E-02
     1233.,  0.83333333E-02,  0.14433757E-01,  0.40234095E+00,  0.29294606E+00,  0.97472768E+00,  0.47205711E-02
     1234.,  0.66666667E-02,  0.11547005E-01,  0.40234095E+00,  0.29515698E+00,  0.97718867E+00,  0.36840132E-02
     1235.,  0.12217531E-01,  0.11336212E-01,  0.40234095E+00,  0.29049283E+00,  0.97901254E+00,  0.41881036E-02
     1236.,  0.97740250E-02,  0.90689698E-02,  0.40234095E+00,  0.29363368E+00,  0.97984931E+00,  0.32684669E-02
     1237.,  0.15016148E-01,  0.72313957E-02,  0.40234095E+00,  0.29087963E+00,  0.98393481E+00,  0.32835047E-02
     1238.,  0.12012918E-01,  0.57851165E-02,  0.40234095E+00,  0.29387385E+00,  0.98290575E+00,  0.25625030E-02
     1239.,  0.16480514E-01,  0.24840378E-02,  0.40234095E+00,  0.29397201E+00,  0.98778388E+00,  0.20871522E-02
     1240.,  0.13184411E-01,  0.19872302E-02,  0.40234095E+00,  0.29579403E+00,  0.98529579E+00,  0.16288496E-02
     1241.,  0.16480514E-01, -0.24840378E-02,  0.40234095E+00,  0.29869533E+00,  0.98922213E+00,  0.70534661E-03
     1242.,  0.13184411E-01, -0.19872302E-02,  0.40234095E+00,  0.29872693E+00,  0.98618886E+00,  0.55046586E-03
     1243.,  0.15016148E-01, -0.72313957E-02,  0.40234095E+00,  0.30340811E+00,  0.98774973E+00, -0.73913150E-03
     1244.,  0.12012918E-01, -0.57851165E-02,  0.40234095E+00,  0.30165328E+00,  0.98527459E+00, -0.57682917E-03
     1245.,  0.12217531E-01, -0.11336212E-01,  0.40234095E+00,  0.30647256E+00,  0.98387837E+00, -0.21179342E-02
     1246.,  0.97740250E-02, -0.90689698E-02,  0.40234095E+00,  0.30355612E+00,  0.98287070E+00, -0.16528706E-02
     1247.,  0.83333333E-02, -0.14433757E-01,  0.40234095E+00,  0.30682371E+00,  0.97895343E+00, -0.33085506E-02
     1248.,  0.66666667E-02, -0.11547005E-01,  0.40234095E+00,  0.30377417E+00,  0.97981261E+00, -0.25820473E-02
     1249.,  0.37086822E-02, -0.16248799E-01,  0.40234095E+00,  0.30433953E+00,  0.97468646E+00, -0.42051860E-02
     1250.,  0.29669458E-02, -0.12999039E-01,  0.40234095E+00,  0.30223164E+00,  0.97716308E+00, -0.32817969E-02
     1251., -0.12455016E-02, -0.16620063E-01,  0.40234095E+00,  0.29988332E+00,  0.97256030E+00, -0.47281738E-02
     1252., -0.99640125E-03, -0.13296051E-01,  0.40234095E+00,  0.29946460E+00,  0.97584286E+00, -0.36899451E-02
     1253., -0.60890171E-02, -0.15514562E-01,  0.40234095E+00,  0.29500372E+00,  0.97331385E+00, -0.48310417E-02
     1254., -0.48712137E-02, -0.12411650E-01,  0.40234095E+00,  0.29643466E+00,  0.97631077E+00, -0.37702259E-02
     1255., -0.10391497E-01, -0.13030525E-01,  0.40234095E+00,  0.29139650E+00,  0.97668524E+00, -0.45046510E-02
     1256., -0.83131974E-02, -0.10424420E-01,  0.40234095E+00,  0.29419479E+00,  0.97840420E+00, -0.35155052E-02
     1257., -0.13770646E-01, -0.93886676E-02,  0.40234095E+00,  0.29031526E+00,  0.98150285E+00, -0.37780028E-02
     1258., -0.11016517E-01, -0.75109341E-02,  0.40234095E+00,  0.29352341E+00,  0.98139565E+00, -0.29484167E-02
     1259., -0.15926213E-01, -0.49125862E-02,  0.40234095E+00,  0.29213574E+00,  0.98609242E+00, -0.27156617E-02
     1260., -0.12740971E-01, -0.39300690E-02,  0.40234095E+00,  0.29465382E+00,  0.98424550E+00, -0.21193483E-02
     1261., -0.16666667E-01,  0.20410780E-17,  0.39116181E+00,  0.29278603E+00,  0.97736821E+00,  0.10576359E-01
     1262., -0.13333333E-01,  0.16328624E-17,  0.39116181E+00,  0.29374212E+00,  0.97450782E+00,  0.82568882E-02
     1263., -0.15926213E-01,  0.49125862E-02,  0.39116181E+00,  0.29766342E+00,  0.97735056E+00, -0.13188522E-03
     1264., -0.12740971E-01,  0.39300690E-02,  0.39116181E+00,  0.29677073E+00,  0.97449686E+00, -0.10296283E-03
     1265., -0.13770646E-01,  0.93886676E-02,  0.39116181E+00,  0.30168336E+00,  0.97458845E+00, -0.10828410E-01
     1266., -0.11016517E-01,  0.75109341E-02,  0.39116181E+00,  0.29926692E+00,  0.97278172E+00, -0.84536638E-02
     1267., -0.10391497E-01,  0.13030525E-01,  0.39116181E+00,  0.30344884E+00,  0.97004176E+00, -0.20562783E-01
     1268., -0.83131974E-02,  0.10424420E-01,  0.39116181E+00,  0.30036319E+00,  0.96995846E+00, -0.16053220E-01
     1269., -0.60890171E-02,  0.15514562E-01,  0.39116181E+00,  0.30234631E+00,  0.96529059E+00, -0.28470064E-01
     1270., -0.48712137E-02,  0.12411650E-01,  0.39116181E+00,  0.29967858E+00,  0.96700822E+00, -0.22226379E-01
     1271., -0.12455016E-02,  0.16620063E-01,  0.39116181E+00,  0.29875893E+00,  0.96198608E+00, -0.33847654E-01
     1272., -0.99640125E-03,  0.13296051E-01,  0.39116181E+00,  0.29745099E+00,  0.96495628E+00, -0.26424626E-01
     1273.,  0.37086822E-02,  0.16248799E-01,  0.39116181E+00,  0.29393339E+00,  0.96127659E+00, -0.36217730E-01
     1274.,  0.29669458E-02,  0.12999039E-01,  0.39116181E+00,  0.29445457E+00,  0.96451573E+00, -0.28274928E-01
     1275.,  0.83333333E-02,  0.14433757E-01,  0.39116181E+00,  0.28954667E+00,  0.96340870E+00, -0.35369704E-01
     1276.,  0.66666667E-02,  0.11547005E-01,  0.39116181E+00,  0.29173064E+00,  0.96583966E+00, -0.27612879E-01
     1277.,  0.12217531E-01,  0.11336212E-01,  0.39116181E+00,  0.28712327E+00,  0.96764147E+00, -0.31378924E-01
     1278.,  0.97740250E-02,  0.90689698E-02,  0.39116181E+00,  0.29022583E+00,  0.96846799E+00, -0.24497305E-01
     1279.,  0.15016148E-01,  0.72313957E-02,  0.39116181E+00,  0.28750536E+00,  0.97250389E+00, -0.24599990E-01
     1280.,  0.12012918E-01,  0.57851165E-02,  0.39116181E+00,  0.29046309E+00,  0.97148732E+00, -0.19205039E-01
     1281.,  0.16480514E-01,  0.24840378E-02,  0.39116181E+00,  0.29056015E+00,  0.97630617E+00, -0.15635238E-01
     1282.,  0.13184411E-01,  0.19872302E-02,  0.39116181E+00,  0.29235996E+00,  0.97384834E+00, -0.12206320E-01
     1283.,  0.16480514E-01, -0.24840378E-02,  0.39116181E+00,  0.29522604E+00,  0.97772694E+00, -0.52812254E-02
     1284.,  0.13184411E-01, -0.19872302E-02,  0.39116181E+00,  0.29525724E+00,  0.97473056E+00, -0.41230155E-02
     1285.,  0.15016148E-01, -0.72313957E-02,  0.39116181E+00,  0.29988153E+00,  0.97627244E+00,  0.55420460E-02
     1286.,  0.12012918E-01, -0.57851165E-02,  0.39116181E+00,  0.29814806E+00,  0.97382739E+00,  0.43266364E-02
     1287.,  0.12217531E-01, -0.11336212E-01,  0.39116181E+00,  0.30290872E+00,  0.97244814E+00,  0.15872881E-01
     1288.,  0.97740250E-02, -0.90689698E-02,  0.39116181E+00,  0.30002780E+00,  0.97145269E+00,  0.12391847E-01
     1289.,  0.83333333E-02, -0.14433757E-01,  0.39116181E+00,  0.30325561E+00,  0.96758307E+00,  0.24793343E-01
     1290.,  0.66666667E-02, -0.11547005E-01,  0.39116181E+00,  0.30024320E+00,  0.96843173E+00,  0.19355988E-01
     1291.,  0.37086822E-02, -0.16248799E-01,  0.39116181E+00,  0.30080163E+00,  0.96336797E+00,  0.31510808E-01
     1292.,  0.29669458E-02, -0.12999039E-01,  0.39116181E+00,  0.29871940E+00,  0.96581437E+00,  0.24600265E-01
     1293., -0.12455016E-02, -0.16620063E-01,  0.39116181E+00,  0.29639960E+00,  0.96126767E+00,  0.35428398E-01
     1294., -0.99640125E-03, -0.13296051E-01,  0.39116181E+00,  0.29598596E+00,  0.96451018E+00,  0.27658700E-01
     1295., -0.60890171E-02, -0.15514562E-01,  0.39116181E+00,  0.29157932E+00,  0.96201205E+00,  0.36198019E-01
     1296., -0.48712137E-02, -0.12411650E-01,  0.39116181E+00,  0.29299281E+00,  0.96497241E+00,  0.28259537E-01
     1297., -0.10391497E-01, -0.13030525E-01,  0.39116181E+00,  0.28801595E+00,  0.96534246E+00,  0.33751287E-01
     1298., -0.83131974E-02, -0.10424420E-01,  0.39116181E+00,  0.29078014E+00,  0.96704042E+00,  0.26349391E-01
     1299., -0.13770646E-01, -0.93886676E-02,  0.39116181E+00,  0.28694785E+00,  0.97010150E+00,  0.28305607E-01
     1300., -0.11016517E-01, -0.75109341E-02,  0.39116181E+00,  0.29011691E+00,  0.96999555E+00,  0.22097986E-01
     1301., -0.15926213E-01, -0.49125862E-02,  0.39116181E+00,  0.28874620E+00,  0.97463528E+00,  0.20344848E-01
     1302., -0.12740971E-01, -0.39300690E-02,  0.39116181E+00,  0.29123359E+00,  0.97281080E+00,  0.15883079E-01
     1303., -0.16666667E-01,  0.20410780E-17,  0.37955586E+00,  0.27982891E+00,  0.93409404E+00,  0.22666668E-01
     1304., -0.13333333E-01,  0.16328624E-17,  0.37955586E+00,  0.28074143E+00,  0.93136392E+00,  0.17695482E-01
     1305., -0.15926213E-01,  0.49125862E-02,  0.37955586E+00,  0.28448421E+00,  0.93407720E+00, -0.28210433E-03
     1306., -0.12740971E-01,  0.39300690E-02,  0.37955586E+00,  0.28363218E+00,  0.93135346E+00, -0.22023517E-03
     1307., -0.13770646E-01,  0.93886676E-02,  0.37955586E+00,  0.28832110E+00,  0.93144086E+00, -0.23205805E-01
     1308., -0.11016517E-01,  0.75109341E-02,  0.37955586E+00,  0.28601474E+00,  0.92971640E+00, -0.18116379E-01
     1309., -0.10391497E-01,  0.13030525E-01,  0.37955586E+00,  0.29000619E+00,  0.92710122E+00, -0.44067571E-01
     1310., -0.83131974E-02,  0.10424420E-01,  0.37955586E+00,  0.28706111E+00,  0.92702165E+00, -0.34402805E-01
     1311., -0.60890171E-02,  0.15514562E-01,  0.37955586E+00,  0.28895386E+00,  0.92256640E+00, -0.61013743E-01
     1312., -0.48712137E-02,  0.12411650E-01,  0.37955586E+00,  0.28640766E+00,  0.92420571E+00, -0.47632394E-01
     1313., -0.12455016E-02,  0.16620063E-01,  0.37955586E+00,  0.28552984E+00,  0.91941236E+00, -0.72538574E-01
     1314., -0.99640125E-03,  0.13296051E-01,  0.37955586E+00,  0.28428148E+00,  0.92224718E+00, -0.56629634E-01
     1315.,  0.37086822E-02,  0.16248799E-01,  0.37955586E+00,  0.28092404E+00,  0.91873518E+00, -0.77618033E-01
     1316.,  0.29669458E-02,  0.12999039E-01,  0.37955586E+00,  0.28142146E+00,  0.92182668E+00, -0.60595082E-01
     1317.,  0.83333333E-02,  0.14433757E-01,  0.37955586E+00,  0.27673708E+00,  0.92077020E+00, -0.75800789E-01
     1318.,  0.66666667E-02,  0.11547005E-01,  0.37955586E+00,  0.27882152E+00,  0.92309034E+00, -0.59176391E-01
     1319.,  0.12217531E-01,  0.11336212E-01,  0.37955586E+00,  0.27442403E+00,  0.92481022E+00, -0.67248314E-01
     1320.,  0.97740250E-02,  0.90689698E-02,  0.37955586E+00,  0.27738521E+00,  0.92559904E+00, -0.52499618E-01
     1321.,  0.15016148E-01,  0.72313957E-02,  0.37955586E+00,  0.27478871E+00,  0.92945123E+00, -0.52720532E-01
     1322.,  0.12012918E-01,  0.57851165E-02,  0.37955586E+00,  0.27761167E+00,  0.92848092E+00, -0.41158025E-01
     1323.,  0.16480514E-01,  0.24840378E-02,  0.37955586E+00,  0.27770440E+00,  0.93308037E+00, -0.33508299E-01
     1324.,  0.13184411E-01,  0.19872302E-02,  0.37955586E+00,  0.27942219E+00,  0.93073447E+00, -0.26159361E-01
     1325.,  0.16480514E-01, -0.24840378E-02,  0.37955586E+00,  0.28215782E+00,  0.93443644E+00, -0.11318702E-01
     1326.,  0.13184411E-01, -0.19872302E-02,  0.37955586E+00,  0.28218758E+00,  0.93157653E+00, -0.88363176E-02
     1327.,  0.15016148E-01, -0.72313957E-02,  0.37955586E+00,  0.28660132E+00,  0.93304817E+00,  0.11876606E-01
     1328.,  0.12012918E-01, -0.57851165E-02,  0.37955586E+00,  0.28494682E+00,  0.93071447E+00,  0.92718660E-02
     1329.,  0.12217531E-01, -0.11336212E-01,  0.37955586E+00,  0.28949067E+00,  0.92939802E+00,  0.34016624E-01
     1330.,  0.97740250E-02, -0.90689698E-02,  0.37955586E+00,  0.28674099E+00,  0.92844787E+00,  0.26556202E-01
     1331.,  0.83333333E-02, -0.14433757E-01,  0.37955586E+00,  0.28982176E+00,  0.92475449E+00,  0.53134120E-01
     1332.,  0.66666667E-02, -0.11547005E-01,  0.37955586E+00,  0.28694658E+00,  0.92556442E+00,  0.41480907E-01
     1333.,  0.37086822E-02, -0.16248799E-01,  0.37955586E+00,  0.28747952E+00,  0.92073132E+00,  0.67530416E-01
     1334.,  0.29669458E-02, -0.12999039E-01,  0.37955586E+00,  0.28549215E+00,  0.92306620E+00,  0.52719851E-01
     1335., -0.12455016E-02, -0.16620063E-01,  0.37955586E+00,  0.28327794E+00,  0.91872665E+00,  0.75926336E-01
     1336., -0.99640125E-03, -0.13296051E-01,  0.37955586E+00,  0.28288313E+00,  0.92182138E+00,  0.59274403E-01
     1337., -0.60890171E-02, -0.15514562E-01,  0.37955586E+00,  0.27867716E+00,  0.91943714E+00,  0.77575868E-01
     1338., -0.48712137E-02, -0.12411650E-01,  0.37955586E+00,  0.28002623E+00,  0.92226256E+00,  0.60562164E-01
     1339., -0.10391497E-01, -0.13030525E-01,  0.37955586E+00,  0.27527605E+00,  0.92261589E+00,  0.72332444E-01
     1340., -0.83131974E-02, -0.10424420E-01,  0.37955586E+00,  0.27791428E+00,  0.92423644E+00,  0.56468712E-01
     1341., -0.13770646E-01, -0.93886676E-02,  0.37955586E+00,  0.27425659E+00,  0.92715822E+00,  0.60661967E-01
     1342., -0.11016517E-01, -0.75109341E-02,  0.37955586E+00,  0.27728124E+00,  0.92705705E+00,  0.47357768E-01
     1343., -0.15926213E-01, -0.49125862E-02,  0.37955586E+00,  0.27597304E+00,  0.93148555E+00,  0.43601407E-01
     1344., -0.12740971E-01, -0.39300690E-02,  0.37955586E+00,  0.27834709E+00,  0.92974415E+00,  0.34038878E-01
     1345., -0.16666667E-01,  0.20410780E-17,  0.36750682E+00,  0.25672849E+00,  0.85694842E+00,  0.34408536E-01
     1346., -0.13333333E-01,  0.16328624E-17,  0.36750682E+00,  0.25756361E+00,  0.85444977E+00,  0.26862246E-01
     1347., -0.15926213E-01,  0.49125862E-02,  0.36750682E+00,  0.26098913E+00,  0.85693301E+00, -0.42797804E-03
     1348., -0.12740971E-01,  0.39300690E-02,  0.36750682E+00,  0.26020934E+00,  0.85444019E+00, -0.33411653E-03
     1349., -0.13770646E-01,  0.93886676E-02,  0.36750682E+00,  0.26450075E+00,  0.85452017E+00, -0.35226458E-01
     1350., -0.11016517E-01,  0.75109341E-02,  0.36750682E+00,  0.26238996E+00,  0.85294189E+00, -0.27500786E-01
     1351., -0.10391497E-01,  0.13030525E-01,  0.36750682E+00,  0.26604299E+00,  0.85054842E+00, -0.66894914E-01
     1352., -0.83131974E-02,  0.10424420E-01,  0.36750682E+00,  0.26334765E+00,  0.85047554E+00, -0.52223891E-01
     1353., -0.60890171E-02,  0.15514562E-01,  0.36750682E+00,  0.26507988E+00,  0.84639804E+00, -0.92619470E-01
     1354., -0.48712137E-02,  0.12411650E-01,  0.36750682E+00,  0.26274958E+00,  0.84789828E+00, -0.72306681E-01
     1355., -0.12455016E-02,  0.16620063E-01,  0.36750682E+00,  0.26194612E+00,  0.84351138E+00, -0.11011438E+00
     1356., -0.99640125E-03,  0.13296051E-01,  0.36750682E+00,  0.26080361E+00,  0.84610575E+00, -0.85964701E-01
     1357.,  0.37086822E-02,  0.16248799E-01,  0.36750682E+00,  0.25773078E+00,  0.84289161E+00, -0.11782514E+00
     1358.,  0.29669458E-02,  0.12999039E-01,  0.36750682E+00,  0.25818600E+00,  0.84572089E+00, -0.91984378E-01
     1359.,  0.83333333E-02,  0.14433757E-01,  0.36750682E+00,  0.25389877E+00,  0.84475411E+00, -0.11506661E+00
     1360.,  0.66666667E-02,  0.11547005E-01,  0.36750682E+00,  0.25580643E+00,  0.84687744E+00, -0.89830840E-01
     1361.,  0.12217531E-01,  0.11336212E-01,  0.36750682E+00,  0.25178181E+00,  0.84845164E+00, -0.10208392E+00
     1362.,  0.97740250E-02,  0.90689698E-02,  0.36750682E+00,  0.25449186E+00,  0.84917351E+00, -0.79695438E-01
     1363.,  0.15016148E-01,  0.72313957E-02,  0.36750682E+00,  0.25211558E+00,  0.85269921E+00, -0.80030626E-01
     1364.,  0.12012918E-01,  0.57851165E-02,  0.36750682E+00,  0.25469912E+00,  0.85181113E+00, -0.62478750E-01
     1365.,  0.16480514E-01,  0.24840378E-02,  0.36750682E+00,  0.25478408E+00,  0.85602068E+00, -0.50866255E-01
     1366.,  0.13184411E-01,  0.19872302E-02,  0.36750682E+00,  0.25635619E+00,  0.85387367E+00, -0.39710549E-01
     1367.,  0.16480514E-01, -0.24840378E-02,  0.36750682E+00,  0.25885997E+00,  0.85726179E+00, -0.17182189E-01
     1368.,  0.13184411E-01, -0.19872302E-02,  0.36750682E+00,  0.25888719E+00,  0.85464436E+00, -0.13413885E-01
     1369.,  0.15016148E-01, -0.72313957E-02,  0.36750682E+00,  0.26292676E+00,  0.85599122E+00,  0.18028583E-01
     1370.,  0.12012918E-01, -0.57851165E-02,  0.36750682E+00,  0.26141255E+00,  0.85385537E+00,  0.14074654E-01
     1371.,  0.12217531E-01, -0.11336212E-01,  0.36750682E+00,  0.26557117E+00,  0.85265051E+00,  0.51637433E-01
     1372.,  0.97740250E-02, -0.90689698E-02,  0.36750682E+00,  0.26305465E+00,  0.85178089E+00,  0.40312597E-01
     1373.,  0.83333333E-02, -0.14433757E-01,  0.36750682E+00,  0.26587419E+00,  0.84840064E+00,  0.80658077E-01
     1374.,  0.66666667E-02, -0.11547005E-01,  0.36750682E+00,  0.26324282E+00,  0.84914184E+00,  0.62968593E-01
     1375.,  0.37086822E-02, -0.16248799E-01,  0.36750682E+00,  0.26373052E+00,  0.84471854E+00,  0.10251190E+00
     1376.,  0.29669458E-02, -0.12999039E-01,  0.36750682E+00,  0.26191166E+00,  0.84685536E+00,  0.80029555E-01
     1377., -0.12455016E-02, -0.16620063E-01,  0.36750682E+00,  0.25988513E+00,  0.84288382E+00,  0.11525708E+00
     1378., -0.99640125E-03, -0.13296051E-01,  0.36750682E+00,  0.25952379E+00,  0.84571605E+00,  0.89979535E-01
     1379., -0.60890171E-02, -0.15514562E-01,  0.36750682E+00,  0.25567438E+00,  0.84353407E+00,  0.11776117E+00
     1380., -0.48712137E-02, -0.12411650E-01,  0.36750682E+00,  0.25690903E+00,  0.84611983E+00,  0.91934439E-01
     1381., -0.10391497E-01, -0.13030525E-01,  0.36750682E+00,  0.25256161E+00,  0.84644334E+00,  0.10980166E+00
     1382., -0.83131974E-02, -0.10424420E-01,  0.36750682E+00,  0.25497609E+00,  0.84792641E+00,  0.85720565E-01
     1383., -0.13770646E-01, -0.93886676E-02,  0.36750682E+00,  0.25162857E+00,  0.85060059E+00,  0.92085792E-01
     1384., -0.11016517E-01, -0.75109341E-02,  0.36750682E+00,  0.25439670E+00,  0.85050794E+00,  0.71890046E-01
     1385., -0.15926213E-01, -0.49125862E-02,  0.36750682E+00,  0.25319951E+00,  0.85456107E+00,  0.66187701E-01
     1386., -0.12740971E-01, -0.39300690E-02,  0.36750682E+00,  0.25537221E+00,  0.85296729E+00,  0.51671781E-01
     1387., -0.16666667E-01,  0.20410780E-17,  0.35499777E+00,  0.22323731E+00,  0.74510577E+00,  0.45280136E-01
     1388., -0.13333333E-01,  0.16328624E-17,  0.35499777E+00,  0.22396042E+00,  0.74294213E+00,  0.35349805E-01
     1389., -0.15926213E-01,  0.49125862E-02,  0.35499777E+00,  0.22692673E+00,  0.74509243E+00, -0.56302114E-03
     1390., -0.12740971E-01,  0.39300690E-02,  0.35499777E+00,  0.22625149E+00,  0.74293384E+00, -0.43954757E-03
     1391., -0.13770646E-01,  0.93886676E-02,  0.35499777E+00,  0.22996754E+00,  0.74300308E+00, -0.46356144E-01
     1392., -0.11016517E-01,  0.75109341E-02,  0.35499777E+00,  0.22813979E+00,  0.74163639E+00, -0.36189838E-01
     1393., -0.10391497E-01,  0.13030525E-01,  0.35499777E+00,  0.23130301E+00,  0.73956382E+00, -0.88030322E-01
     1394., -0.83131974E-02,  0.10424420E-01,  0.35499777E+00,  0.22896910E+00,  0.73950066E+00, -0.68724504E-01
     1395., -0.60890171E-02,  0.15514562E-01,  0.35499777E+00,  0.23046903E+00,  0.73596988E+00, -0.12188263E+00
     1396., -0.48712137E-02,  0.12411650E-01,  0.35499777E+00,  0.22845121E+00,  0.73726888E+00, -0.95152704E-01
     1397., -0.12455016E-02,  0.16620063E-01,  0.35499777E+00,  0.22775542E+00,  0.73347023E+00, -0.14490512E+00
     1398., -0.99640125E-03,  0.13296051E-01,  0.35499777E+00,  0.22676610E+00,  0.73571665E+00, -0.11312617E+00
     1399.,  0.37086822E-02,  0.16248799E-01,  0.35499777E+00,  0.22410523E+00,  0.73293355E+00, -0.15505216E+00
     1400.,  0.29669458E-02,  0.12999039E-01,  0.35499777E+00,  0.22449939E+00,  0.73538337E+00, -0.12104787E+00
     1401.,  0.83333333E-02,  0.14433757E-01,  0.35499777E+00,  0.22078697E+00,  0.73454634E+00, -0.15142213E+00
     1402.,  0.66666667E-02,  0.11547005E-01,  0.35499777E+00,  0.22243880E+00,  0.73638489E+00, -0.11821394E+00
     1403.,  0.12217531E-01,  0.11336212E-01,  0.35499777E+00,  0.21895383E+00,  0.73774814E+00, -0.13433759E+00
     1404.,  0.97740250E-02,  0.90689698E-02,  0.35499777E+00,  0.22130045E+00,  0.73837316E+00, -0.10487618E+00
     1405.,  0.15016148E-01,  0.72313957E-02,  0.35499777E+00,  0.21924285E+00,  0.74142624E+00, -0.10531656E+00
     1406.,  0.12012918E-01,  0.57851165E-02,  0.35499777E+00,  0.22147993E+00,  0.74065720E+00, -0.82219716E-01
     1407.,  0.16480514E-01,  0.24840378E-02,  0.35499777E+00,  0.22155359E+00,  0.74430241E+00, -0.66937688E-01
     1408.,  0.13184411E-01,  0.19872302E-02,  0.35499777E+00,  0.22291486E+00,  0.74244325E+00, -0.52257668E-01
     1409.,  0.16480514E-01, -0.24840378E-02,  0.35499777E+00,  0.22508302E+00,  0.74537712E+00, -0.22611102E-01
     1410.,  0.13184411E-01, -0.19872302E-02,  0.35499777E+00,  0.22510658E+00,  0.74311064E+00, -0.17652289E-01
     1411.,  0.15016148E-01, -0.72313957E-02,  0.35499777E+00,  0.22860458E+00,  0.74427690E+00,  0.23724569E-01
     1412.,  0.12012918E-01, -0.57851165E-02,  0.35499777E+00,  0.22729341E+00,  0.74242741E+00,  0.18521564E-01
     1413.,  0.12217531E-01, -0.11336212E-01,  0.35499777E+00,  0.23089446E+00,  0.74138408E+00,  0.67952205E-01
     1414.,  0.97740250E-02, -0.90689698E-02,  0.35499777E+00,  0.22871539E+00,  0.74063102E+00,  0.53049691E-01
     1415.,  0.83333333E-02, -0.14433757E-01,  0.35499777E+00,  0.23115685E+00,  0.73770399E+00,  0.10614200E+00
     1416.,  0.66666667E-02, -0.11547005E-01,  0.35499777E+00,  0.22887833E+00,  0.73834574E+00,  0.82864128E-01
     1417.,  0.37086822E-02, -0.16248799E-01,  0.35499777E+00,  0.22930059E+00,  0.73451555E+00,  0.13490061E+00
     1418.,  0.29669458E-02, -0.12999039E-01,  0.35499777E+00,  0.22772562E+00,  0.73636577E+00,  0.10531572E+00
     1419., -0.12455016E-02, -0.16620063E-01,  0.35499777E+00,  0.22597075E+00,  0.73292680E+00,  0.15167270E+00
     1420., -0.99640125E-03, -0.13296051E-01,  0.35499777E+00,  0.22565785E+00,  0.73537918E+00,  0.11840955E+00
     1421., -0.60890171E-02, -0.15514562E-01,  0.35499777E+00,  0.22232454E+00,  0.73348987E+00,  0.15496801E+00
     1422., -0.48712137E-02, -0.12411650E-01,  0.35499777E+00,  0.22339360E+00,  0.73572884E+00,  0.12098217E+00
     1423., -0.10391497E-01, -0.13030525E-01,  0.35499777E+00,  0.21962909E+00,  0.73600910E+00,  0.14449373E+00
     1424., -0.83131974E-02, -0.10424420E-01,  0.35499777E+00,  0.22171977E+00,  0.73729324E+00,  0.11280499E+00
     1425., -0.13770646E-01, -0.93886676E-02,  0.35499777E+00,  0.21882114E+00,  0.73960899E+00,  0.12118055E+00
     1426., -0.11016517E-01, -0.75109341E-02,  0.35499777E+00,  0.22121805E+00,  0.73952871E+00,  0.94604598E-01
     1427., -0.15926213E-01, -0.49125862E-02,  0.35499777E+00,  0.22018146E+00,  0.74303848E+00,  0.87099956E-01
     1428., -0.12740971E-01, -0.39300690E-02,  0.35499777E+00,  0.22206279E+00,  0.74165838E+00,  0.67998174E-01
     1429., -0.16666667E-01,  0.20410780E-17,  0.34201114E+00,  0.17960356E+00,  0.59939562E+00,  0.54702354E-01
     1430., -0.13333333E-01,  0.16328624E-17,  0.34201114E+00,  0.18018094E+00,  0.59766793E+00,  0.42706053E-01
     1431., -0.15926213E-01,  0.49125862E-02,  0.34201114E+00,  0.18254963E+00,  0.59938496E+00, -0.68004060E-03
     1432., -0.12740971E-01,  0.39300690E-02,  0.34201114E+00,  0.18201045E+00,  0.59766131E+00, -0.53090516E-03
     1433., -0.13770646E-01,  0.93886676E-02,  0.34201114E+00,  0.18497779E+00,  0.59771658E+00, -0.56001998E-01
     1434., -0.11016517E-01,  0.75109341E-02,  0.34201114E+00,  0.18351834E+00,  0.59662525E+00, -0.43720680E-01
     1435., -0.10391497E-01,  0.13030525E-01,  0.34201114E+00,  0.18604420E+00,  0.59497026E+00, -0.10634794E+00
     1436., -0.83131974E-02,  0.10424420E-01,  0.34201114E+00,  0.18418058E+00,  0.59491978E+00, -0.83025685E-01
     1437., -0.60890171E-02,  0.15514562E-01,  0.34201114E+00,  0.18537825E+00,  0.59210042E+00, -0.14724441E+00
     1438., -0.48712137E-02,  0.12411650E-01,  0.34201114E+00,  0.18376703E+00,  0.59313761E+00, -0.11495350E+00
     1439., -0.12455016E-02,  0.16620063E-01,  0.34201114E+00,  0.18321138E+00,  0.59010439E+00, -0.17505756E+00
     1440., -0.99640125E-03,  0.13296051E-01,  0.34201114E+00,  0.18242140E+00,  0.59189808E+00, -0.13666719E+00
     1441.,  0.37086822E-02,  0.16248799E-01,  0.34201114E+00,  0.18029662E+00,  0.58967583E+00, -0.18731607E+00
     1442.,  0.29669458E-02,  0.12999039E-01,  0.34201114E+00,  0.18061134E+00,  0.59163195E+00, -0.14623740E+00
     1443.,  0.83333333E-02,  0.14433757E-01,  0.34201114E+00,  0.17764692E+00,  0.59096368E+00, -0.18293073E+00
     1444.,  0.66666667E-02,  0.11547005E-01,  0.34201114E+00,  0.17896587E+00,  0.59243170E+00, -0.14281377E+00
     1445.,  0.12217531E-01,  0.11336212E-01,  0.34201114E+00,  0.17618311E+00,  0.59352038E+00, -0.16229120E+00
     1446.,  0.97740250E-02,  0.90689698E-02,  0.34201114E+00,  0.17805685E+00,  0.59401941E+00, -0.12670051E+00
     1447.,  0.15016148E-01,  0.72313957E-02,  0.34201114E+00,  0.17641390E+00,  0.59645742E+00, -0.12723138E+00
     1448.,  0.12012918E-01,  0.57851165E-02,  0.34201114E+00,  0.17820017E+00,  0.59584331E+00, -0.99329365E-01
     1449.,  0.16480514E-01,  0.24840378E-02,  0.34201114E+00,  0.17825907E+00,  0.59875411E+00, -0.80866494E-01
     1450.,  0.13184411E-01,  0.19872302E-02,  0.34201114E+00,  0.17934602E+00,  0.59726955E+00, -0.63132362E-01
     1451.,  0.16480514E-01, -0.24840378E-02,  0.34201114E+00,  0.18107739E+00,  0.59961230E+00, -0.27316254E-01
     1452.,  0.13184411E-01, -0.19872302E-02,  0.34201114E+00,  0.18109619E+00,  0.59780249E+00, -0.21325763E-01
     1453.,  0.15016148E-01, -0.72313957E-02,  0.34201114E+00,  0.18388944E+00,  0.59873375E+00,  0.28661142E-01
     1454.,  0.12012918E-01, -0.57851165E-02,  0.34201114E+00,  0.18284247E+00,  0.59725691E+00,  0.22375713E-01
     1455.,  0.12217531E-01, -0.11336212E-01,  0.34201114E+00,  0.18571796E+00,  0.59642377E+00,  0.82091866E-01
     1456.,  0.97740250E-02, -0.90689698E-02,  0.34201114E+00,  0.18397798E+00,  0.59582241E+00,  0.64089005E-01
     1457.,  0.83333333E-02, -0.14433757E-01,  0.34201114E+00,  0.18592749E+00,  0.59348514E+00,  0.12822838E+00
     1458.,  0.66666667E-02, -0.11547005E-01,  0.34201114E+00,  0.18410810E+00,  0.59399752E+00,  0.10010772E+00
     1459.,  0.37086822E-02, -0.16248799E-01,  0.34201114E+00,  0.18444522E+00,  0.59093910E+00,  0.16297123E+00
     1460.,  0.29669458E-02, -0.12999039E-01,  0.34201114E+00,  0.18318761E+00,  0.59241643E+00,  0.12723142E+00
     1461., -0.12455016E-02, -0.16620063E-01,  0.34201114E+00,  0.18178628E+00,  0.58967045E+00,  0.18323338E+00
     1462., -0.99640125E-03, -0.13296051E-01,  0.34201114E+00,  0.18153641E+00,  0.59162860E+00,  0.14305004E+00
     1463., -0.60890171E-02, -0.15514562E-01,  0.34201114E+00,  0.17887470E+00,  0.59012007E+00,  0.18721443E+00
     1464., -0.48712137E-02, -0.12411650E-01,  0.34201114E+00,  0.17972832E+00,  0.59190782E+00,  0.14615805E+00
     1465., -0.10391497E-01, -0.13030525E-01,  0.34201114E+00,  0.17672232E+00,  0.59213172E+00,  0.17456066E+00
     1466., -0.83131974E-02, -0.10424420E-01,  0.34201114E+00,  0.17839169E+00,  0.59315705E+00,  0.13627927E+00
     1467., -0.13770646E-01, -0.93886676E-02,  0.34201114E+00,  0.17607715E+00,  0.59500631E+00,  0.14639641E+00
     1468., -0.11016517E-01, -0.75109341E-02,  0.34201114E+00,  0.17799105E+00,  0.59494217E+00,  0.11429148E+00
     1469., -0.15926213E-01, -0.49125862E-02,  0.34201114E+00,  0.17716339E+00,  0.59774484E+00,  0.10522420E+00
     1470., -0.12740971E-01, -0.39300690E-02,  0.34201114E+00,  0.17866560E+00,  0.59664280E+00,  0.82148392E-01
     1471., -0.16666667E-01,  0.20410780E-17,  0.32852871E+00,  0.12668836E+00,  0.42269439E+00,  0.62062343E-01
     1472., -0.13333333E-01,  0.16328624E-17,  0.32852871E+00,  0.12708922E+00,  0.42149484E+00,  0.48452522E-01
     1473., -0.15926213E-01,  0.49125862E-02,  0.32852871E+00,  0.12873389E+00,  0.42268700E+00, -0.77141195E-03
     1474., -0.12740971E-01,  0.39300690E-02,  0.32852871E+00,  0.12835954E+00,  0.42149025E+00, -0.60224140E-03
     1475., -0.13770646E-01,  0.93886676E-02,  0.32852871E+00,  0.13041982E+00,  0.42152860E+00, -0.63536613E-01
     1476., -0.11016517E-01,  0.75109341E-02,  0.32852871E+00,  0.12940653E+00,  0.42077087E+00, -0.49603483E-01
     1477., -0.10391497E-01,  0.13030525E-01,  0.32852871E+00,  0.13116025E+00,  0.41962177E+00, -0.12065631E+00
     1478., -0.83131974E-02,  0.10424420E-01,  0.32852871E+00,  0.12986636E+00,  0.41958669E+00, -0.94197240E-01
     1479., -0.60890171E-02,  0.15514562E-01,  0.32852871E+00,  0.13069787E+00,  0.41762918E+00, -0.16705518E+00
     1480., -0.48712137E-02,  0.12411650E-01,  0.32852871E+00,  0.12957921E+00,  0.41834925E+00, -0.13042117E+00
     1481., -0.12455016E-02,  0.16620063E-01,  0.32852871E+00,  0.12919337E+00,  0.41624329E+00, -0.19861045E+00
     1482., -0.99640125E-03,  0.13296051E-01,  0.32852871E+00,  0.12864489E+00,  0.41748859E+00, -0.15505660E+00
     1483.,  0.37086822E-02,  0.16248799E-01,  0.32852871E+00,  0.12716959E+00,  0.41594573E+00, -0.21251831E+00
     1484.,  0.29669458E-02,  0.12999039E-01,  0.32852871E+00,  0.12738808E+00,  0.41730379E+00, -0.16591457E+00
     1485.,  0.83333333E-02,  0.14433757E-01,  0.32852871E+00,  0.12532984E+00,  0.41683990E+00, -0.20754299E+00
     1486.,  0.66666667E-02,  0.11547005E-01,  0.32852871E+00,  0.12624556E+00,  0.41785909E+00, -0.16203030E+00
     1487.,  0.12217531E-01,  0.11336212E-01,  0.32852871E+00,  0.12431348E+00,  0.41861508E+00, -0.18412656E+00
     1488.,  0.97740250E-02,  0.90689698E-02,  0.32852871E+00,  0.12561438E+00,  0.41896151E+00, -0.14374893E+00
     1489.,  0.15016148E-01,  0.72313957E-02,  0.32852871E+00,  0.12447372E+00,  0.42065433E+00, -0.14434969E+00
     1490.,  0.12012918E-01,  0.57851165E-02,  0.32852871E+00,  0.12571389E+00,  0.42022792E+00, -0.11269484E+00
     1491.,  0.16480514E-01,  0.24840378E-02,  0.32852871E+00,  0.12575486E+00,  0.42224897E+00, -0.91746706E-01
     1492.,  0.13184411E-01,  0.19872302E-02,  0.32852871E+00,  0.12650950E+00,  0.42121823E+00, -0.71627316E-01
     1493.,  0.16480514E-01, -0.24840378E-02,  0.32852871E+00,  0.12771168E+00,  0.42284483E+00, -0.30991614E-01
     1494.,  0.13184411E-01, -0.19872302E-02,  0.32852871E+00,  0.12772472E+00,  0.42158827E+00, -0.24195381E-01
     1495.,  0.15016148E-01, -0.72313957E-02,  0.32852871E+00,  0.12966415E+00,  0.42223484E+00,  0.32517204E-01
     1496.,  0.12012918E-01, -0.57851165E-02,  0.32852871E+00,  0.12893724E+00,  0.42120946E+00,  0.25386408E-01
     1497.,  0.12217531E-01, -0.11336212E-01,  0.32852871E+00,  0.13093373E+00,  0.42063098E+00,  0.93136721E-01
     1498.,  0.97740250E-02, -0.90689698E-02,  0.32852871E+00,  0.12972568E+00,  0.42021342E+00,  0.72712499E-01
     1499.,  0.83333333E-02, -0.14433757E-01,  0.32852871E+00,  0.13107922E+00,  0.41859062E+00,  0.14548064E+00
     1500.,  0.66666667E-02, -0.11547005E-01,  0.32852871E+00,  0.12981603E+00,  0.41894632E+00,  0.11357777E+00
     1501.,  0.37086822E-02, -0.16248799E-01,  0.32852871E+00,  0.13005005E+00,  0.41682285E+00,  0.18489797E+00
     1502.,  0.29669458E-02, -0.12999039E-01,  0.32852871E+00,  0.12917690E+00,  0.41784850E+00,  0.14435117E+00
     1503., -0.12455016E-02, -0.16620063E-01,  0.32852871E+00,  0.12820389E+00,  0.41594199E+00,  0.20788630E+00
     1504., -0.99640125E-03, -0.13296051E-01,  0.32852871E+00,  0.12803040E+00,  0.41730147E+00,  0.16229832E+00
     1505., -0.60890171E-02, -0.15514562E-01,  0.32852871E+00,  0.12618232E+00,  0.41625417E+00,  0.21240302E+00
     1506., -0.48712137E-02, -0.12411650E-01,  0.32852871E+00,  0.12677496E+00,  0.41749534E+00,  0.16582455E+00
     1507., -0.10391497E-01, -0.13030525E-01,  0.32852871E+00,  0.12468787E+00,  0.41765090E+00,  0.19804679E+00
     1508., -0.83131974E-02, -0.10424420E-01,  0.32852871E+00,  0.12584688E+00,  0.41836273E+00,  0.15461655E+00
     1509., -0.13770646E-01, -0.93886676E-02,  0.32852871E+00,  0.12423991E+00,  0.41964679E+00,  0.16609325E+00
     1510., -0.11016517E-01, -0.75109341E-02,  0.32852871E+00,  0.12556869E+00,  0.41960222E+00,  0.12967019E+00
     1511., -0.15926213E-01, -0.49125862E-02,  0.32852871E+00,  0.12499411E+00,  0.42154821E+00,  0.11938159E+00
     1512., -0.12740971E-01, -0.39300690E-02,  0.32852871E+00,  0.12603706E+00,  0.42078304E+00,  0.93202067E-01
     1513., -0.16666667E-01,  0.20410780E-17,  0.31453155E+00,  0.66071158E-01,  0.22027710E+00,  0.66747864E-01
     1514., -0.13333333E-01,  0.16328624E-17,  0.31453155E+00,  0.66270018E-01,  0.21968199E+00,  0.52111182E-01
     1515., -0.15926213E-01,  0.49125862E-02,  0.31453155E+00,  0.67086041E-01,  0.22027344E+00, -0.82952175E-03
     1516., -0.12740971E-01,  0.39300690E-02,  0.31453155E+00,  0.66900323E-01,  0.21967971E+00, -0.64761206E-03
     1517., -0.13770646E-01,  0.93886676E-02,  0.31453155E+00,  0.67922514E-01,  0.21969871E+00, -0.68333188E-01
     1518., -0.11016517E-01,  0.75109341E-02,  0.31453155E+00,  0.67419824E-01,  0.21932277E+00, -0.53348851E-01
     1519., -0.10391497E-01,  0.13030525E-01,  0.31453155E+00,  0.68289885E-01,  0.21875265E+00, -0.12976515E+00
     1520., -0.83131974E-02,  0.10424420E-01,  0.31453155E+00,  0.67647984E-01,  0.21873521E+00, -0.10130982E+00
     1521., -0.60890171E-02,  0.15514562E-01,  0.31453155E+00,  0.68060483E-01,  0.21776403E+00, -0.17966693E+00
     1522., -0.48712137E-02,  0.12411650E-01,  0.31453155E+00,  0.67505511E-01,  0.21812122E+00, -0.14026897E+00
     1523., -0.12455016E-02,  0.16620063E-01,  0.31453155E+00,  0.67314032E-01,  0.21707642E+00, -0.21360450E+00
     1524., -0.99640125E-03,  0.13296051E-01,  0.31453155E+00,  0.67041920E-01,  0.21769417E+00, -0.16676460E+00
     1525.,  0.37086822E-02,  0.16248799E-01,  0.31453155E+00,  0.66309940E-01,  0.21692878E+00, -0.22856237E+00
     1526.,  0.29669458E-02,  0.12999039E-01,  0.31453155E+00,  0.66418318E-01,  0.21760248E+00, -0.17844247E+00
     1527.,  0.83333333E-02,  0.14433757E-01,  0.31453155E+00,  0.65397151E-01,  0.21737241E+00, -0.22321148E+00
     1528.,  0.66666667E-02,  0.11547005E-01,  0.31453155E+00,  0.65851421E-01,  0.21787800E+00, -0.17426493E+00
     1529.,  0.12217531E-01,  0.11336212E-01,  0.31453155E+00,  0.64892881E-01,  0.21825316E+00, -0.19802726E+00
     1530.,  0.97740250E-02,  0.90689698E-02,  0.31453155E+00,  0.65538238E-01,  0.21842500E+00, -0.15460320E+00
     1531.,  0.15016148E-01,  0.72313957E-02,  0.31453155E+00,  0.64972372E-01,  0.21926492E+00, -0.15524746E+00
     1532.,  0.12012918E-01,  0.57851165E-02,  0.31453155E+00,  0.65587606E-01,  0.21905337E+00, -0.12120430E+00
     1533.,  0.16480514E-01,  0.24840378E-02,  0.31453155E+00,  0.65607998E-01,  0.22005610E+00, -0.98673237E-01
     1534.,  0.13184411E-01,  0.19872302E-02,  0.31453155E+00,  0.65982367E-01,  0.21954474E+00, -0.77035856E-01
     1535.,  0.16480514E-01, -0.24840378E-02,  0.31453155E+00,  0.66578867E-01,  0.22035175E+00, -0.33331452E-01
     1536.,  0.13184411E-01, -0.19872302E-02,  0.31453155E+00,  0.66585334E-01,  0.21972835E+00, -0.26022431E-01
     1537.,  0.15016148E-01, -0.72313957E-02,  0.31453155E+00,  0.67547580E-01,  0.22004911E+00,  0.34971965E-01
     1538.,  0.12012918E-01, -0.57851165E-02,  0.31453155E+00,  0.67186963E-01,  0.21954039E+00,  0.27303188E-01
     1539.,  0.12217531E-01, -0.11336212E-01,  0.31453155E+00,  0.68177486E-01,  0.21925336E+00,  0.10016796E+00
     1540.,  0.97740250E-02, -0.90689698E-02,  0.31453155E+00,  0.67578173E-01,  0.21904618E+00,  0.78202795E-01
     1541.,  0.83333333E-02, -0.14433757E-01,  0.31453155E+00,  0.68249677E-01,  0.21824105E+00,  0.15646361E+00
     1542.,  0.66666667E-02, -0.11547005E-01,  0.31453155E+00,  0.67623008E-01,  0.21841747E+00,  0.12215375E+00
     1543.,  0.37086822E-02, -0.16248799E-01,  0.31453155E+00,  0.67739066E-01,  0.21736397E+00,  0.19885678E+00
     1544.,  0.29669458E-02, -0.12999039E-01,  0.31453155E+00,  0.67305888E-01,  0.21787275E+00,  0.15525081E+00
     1545., -0.12455016E-02, -0.16620063E-01,  0.31453155E+00,  0.66823101E-01,  0.21692692E+00,  0.22358065E+00
     1546., -0.99640125E-03, -0.13296051E-01,  0.31453155E+00,  0.66737019E-01,  0.21760133E+00,  0.17455315E+00
     1547., -0.60890171E-02, -0.15514562E-01,  0.31453155E+00,  0.65820101E-01,  0.21708180E+00,  0.22843839E+00
     1548., -0.48712137E-02, -0.12411650E-01,  0.31453155E+00,  0.66114095E-01,  0.21769751E+00,  0.17834567E+00
     1549., -0.10391497E-01, -0.13030525E-01,  0.31453155E+00,  0.65078631E-01,  0.21777478E+00,  0.21299838E+00
     1550., -0.83131974E-02, -0.10424420E-01,  0.31453155E+00,  0.65653598E-01,  0.21812789E+00,  0.16629140E+00
     1551., -0.13770646E-01, -0.93886676E-02,  0.31453155E+00,  0.64856371E-01,  0.21876504E+00,  0.17863254E+00
     1552., -0.11016517E-01, -0.75109341E-02,  0.31453155E+00,  0.65515562E-01,  0.21874290E+00,  0.13946141E+00
     1553., -0.15926213E-01, -0.49125862E-02,  0.31453155E+00,  0.65230559E-01,  0.21970843E+00,  0.12839441E+00
     1554., -0.12740971E-01, -0.39300690E-02,  0.31453155E+00,  0.65747956E-01,  0.21932880E+00,  0.10023967E+00
     1555., -0.16666667E-01,  0.20410780E-17,  0.30000000E+00,  0.12723472E-03,  0.76526791E-04,  0.68193469E-01
     1556., -0.13333333E-01,  0.16328624E-17,  0.30000000E+00,  0.10659070E-03,  0.13829548E-03,  0.53240512E-01
     1557., -0.15926213E-01,  0.49125862E-02,  0.30000000E+00,  0.22013947E-04,  0.76921636E-04, -0.84733717E-03
     1558., -0.12740971E-01,  0.39300690E-02,  0.30000000E+00,  0.41299307E-04,  0.13854014E-03, -0.66152952E-03
     1559., -0.13770646E-01,  0.93886676E-02,  0.30000000E+00, -0.64700475E-04,  0.13652066E-03, -0.69812839E-01
     1560., -0.11016517E-01,  0.75109341E-02,  0.30000000E+00, -0.12507976E-04,  0.17552236E-03, -0.54504780E-01
     1561., -0.10391497E-01,  0.13030525E-01,  0.30000000E+00, -0.10277286E-03,  0.23461298E-03, -0.13257517E+00
     1562., -0.83131974E-02,  0.10424420E-01,  0.30000000E+00, -0.36132009E-04,  0.23639093E-03, -0.10350505E+00
     1563., -0.60890171E-02,  0.15514562E-01,  0.30000000E+00, -0.78972050E-04,  0.33710838E-03, -0.18355763E+00
     1564., -0.48712137E-02,  0.12411650E-01,  0.30000000E+00, -0.21363008E-04,  0.29999182E-03, -0.14330845E+00
     1565., -0.12455016E-02,  0.16620063E-01,  0.30000000E+00, -0.15690093E-05,  0.40838816E-03, -0.21823018E+00
     1566., -0.99640125E-03,  0.13296051E-01,  0.30000000E+00,  0.26668059E-04,  0.34422283E-03, -0.17037825E+00
     1567.,  0.37086822E-02,  0.16248799E-01,  0.30000000E+00,  0.10253806E-03,  0.42368052E-03, -0.23351201E+00
     1568.,  0.29669458E-02,  0.12999039E-01,  0.30000000E+00,  0.91269632E-04,  0.35371285E-03, -0.18230920E+00
     1569.,  0.83333333E-02,  0.14433757E-01,  0.30000000E+00,  0.19717000E-03,  0.37767101E-03, -0.22804528E+00
     1570.,  0.66666667E-02,  0.11547005E-01,  0.30000000E+00,  0.14999180E-03,  0.32516308E-03, -0.17804118E+00
     1571.,  0.12217531E-01,  0.11336212E-01,  0.30000000E+00,  0.24944004E-03,  0.28634835E-03, -0.20231573E+00
     1572.,  0.97740250E-02,  0.90689698E-02,  0.30000000E+00,  0.18242682E-03,  0.26849547E-03, -0.15795342E+00
     1573.,  0.15016148E-01,  0.72313957E-02,  0.30000000E+00,  0.24118243E-03,  0.18145024E-03, -0.15860954E+00
     1574.,  0.12012918E-01,  0.57851165E-02,  0.30000000E+00,  0.17730288E-03,  0.20340381E-03, -0.12383081E+00
     1575.,  0.16480514E-01,  0.24840378E-02,  0.30000000E+00,  0.17526725E-03,  0.99429630E-04, -0.10081020E+00
     1576.,  0.13184411E-01,  0.19872302E-02,  0.30000000E+00,  0.13640058E-03,  0.15250836E-03, -0.78705284E-01
     1577.,  0.16480514E-01, -0.24840378E-02,  0.30000000E+00,  0.74599796E-04,  0.68792405E-04, -0.34053409E-01
     1578.,  0.13184411E-01, -0.19872302E-02,  0.30000000E+00,  0.73933187E-04,  0.13349707E-03, -0.26586437E-01
     1579.,  0.15016148E-01, -0.72313957E-02,  0.30000000E+00, -0.25834767E-04,  0.10018606E-03,  0.35729157E-01
     1580.,  0.12012918E-01, -0.57851165E-02,  0.30000000E+00,  0.11609656E-04,  0.15297810E-03,  0.27894718E-01
     1581.,  0.12217531E-01, -0.11336212E-01,  0.30000000E+00, -0.91134281E-04,  0.18270016E-03,  0.10233703E+00
     1582.,  0.97740250E-02, -0.90689698E-02,  0.30000000E+00, -0.28911079E-04,  0.20418072E-03,  0.79897299E-01
     1583.,  0.83333333E-02, -0.14433757E-01,  0.30000000E+00, -0.98605758E-04,  0.28766037E-03,  0.15985181E+00
     1584.,  0.66666667E-02, -0.11547005E-01,  0.30000000E+00, -0.33548286E-04,  0.26931130E-03,  0.12480067E+00
     1585.,  0.37086822E-02, -0.16248799E-01,  0.30000000E+00, -0.45652562E-04,  0.37858982E-03,  0.20316306E+00
     1586.,  0.29669458E-02, -0.12999039E-01,  0.30000000E+00, -0.68969505E-06,  0.32573602E-03,  0.15861495E+00
     1587., -0.12455016E-02, -0.16620063E-01,  0.30000000E+00,  0.49321859E-04,  0.42388805E-03,  0.22842238E+00
     1588., -0.99640125E-03, -0.13296051E-01,  0.30000000E+00,  0.58244218E-04,  0.35384472E-03,  0.17833559E+00
     1589., -0.60890171E-02, -0.15514562E-01,  0.30000000E+00,  0.15331120E-03,  0.40781404E-03,  0.23338536E+00
     1590., -0.48712137E-02, -0.12411650E-01,  0.30000000E+00,  0.12277191E-03,  0.34387015E-03,  0.18221033E+00
     1591., -0.10391497E-01, -0.13030525E-01,  0.30000000E+00,  0.23017584E-03,  0.33595293E-03,  0.21761103E+00
     1592., -0.83131974E-02, -0.10424420E-01,  0.30000000E+00,  0.17046859E-03,  0.29927783E-03,  0.16989488E+00
     1593., -0.13770646E-01, -0.93886676E-02,  0.30000000E+00,  0.25320469E-03,  0.23327982E-03,  0.18250102E+00
     1594., -0.11016517E-01, -0.75109341E-02,  0.30000000E+00,  0.18475832E-03,  0.23556527E-03,  0.14248353E+00
     1595., -0.15926213E-01, -0.49125862E-02,  0.30000000E+00,  0.21439465E-03,  0.13547504E-03,  0.13117499E+00
     1596., -0.12740971E-01, -0.39300690E-02,  0.30000000E+00,  0.16067587E-03,  0.17487451E-03,  0.10241190E+00
     1597., -0.16666667E-01,  0.20410780E-17,  0.28546845E+00, -0.65489831E-01, -0.21902829E+00,  0.66087697E-01
     1598., -0.13333333E-01,  0.16328624E-17,  0.28546845E+00, -0.65728632E-01, -0.21831359E+00,  0.51597214E-01
     1599., -0.15926213E-01,  0.49125862E-02,  0.28546845E+00, -0.66708436E-01, -0.21902386E+00, -0.82099913E-03
     1600., -0.12740971E-01,  0.39300690E-02,  0.28546845E+00, -0.66485380E-01, -0.21831084E+00, -0.64097860E-03
     1601., -0.13770646E-01,  0.93886676E-02,  0.28546845E+00, -0.67712801E-01, -0.21833374E+00, -0.67656734E-01
     1602., -0.11016517E-01,  0.75109341E-02,  0.28546845E+00, -0.67109086E-01, -0.21788228E+00, -0.52822206E-01
     1603., -0.10391497E-01,  0.13030525E-01,  0.28546845E+00, -0.68153887E-01, -0.21719776E+00, -0.12848087E+00
     1604., -0.83131974E-02,  0.10424420E-01,  0.28546845E+00, -0.67382999E-01, -0.21717684E+00, -0.10030995E+00
     1605., -0.60890171E-02,  0.15514562E-01,  0.28546845E+00, -0.67878404E-01, -0.21601069E+00, -0.17788894E+00
     1606., -0.48712137E-02,  0.12411650E-01,  0.28546845E+00, -0.67211926E-01, -0.21643967E+00, -0.13888473E+00
     1607., -0.12455016E-02,  0.16620063E-01,  0.28546845E+00, -0.66982093E-01, -0.21518508E+00, -0.21149078E+00
     1608., -0.99640125E-03,  0.13296051E-01,  0.28546845E+00, -0.66655320E-01, -0.21592697E+00, -0.16511899E+00
     1609.,  0.37086822E-02,  0.16248799E-01,  0.28546845E+00, -0.65776438E-01, -0.21500783E+00, -0.22630074E+00
     1610.,  0.29669458E-02,  0.12999039E-01,  0.28546845E+00, -0.65906613E-01, -0.21581690E+00, -0.17668169E+00
     1611.,  0.83333333E-02,  0.14433757E-01,  0.28546845E+00, -0.64680431E-01, -0.21554055E+00, -0.22100288E+00
     1612.,  0.66666667E-02,  0.11547005E-01,  0.28546845E+00, -0.65225997E-01, -0.21614772E+00, -0.17254545E+00
     1613.,  0.12217531E-01,  0.11336212E-01,  0.28546845E+00, -0.64074962E-01, -0.21659811E+00, -0.19606795E+00
     1614.,  0.97740250E-02,  0.90689698E-02,  0.28546845E+00, -0.64850003E-01, -0.21680446E+00, -0.15307779E+00
     1615.,  0.15016148E-01,  0.72313957E-02,  0.28546845E+00, -0.64170443E-01, -0.21781298E+00, -0.15371153E+00
     1616.,  0.12012918E-01,  0.57851165E-02,  0.28546845E+00, -0.64909296E-01, -0.21755889E+00, -0.12000851E+00
     1617.,  0.16480514E-01,  0.24840378E-02,  0.28546845E+00, -0.64933690E-01, -0.21876297E+00, -0.97697158E-01
     1618.,  0.13184411E-01,  0.19872302E-02,  0.28546845E+00, -0.65383269E-01, -0.21814882E+00, -0.76275935E-01
     1619.,  0.16480514E-01, -0.24840378E-02,  0.28546845E+00, -0.66099463E-01, -0.21911793E+00, -0.33001952E-01
     1620.,  0.13184411E-01, -0.19872302E-02,  0.28546845E+00, -0.66107208E-01, -0.21836925E+00, -0.25765899E-01
     1621.,  0.15016148E-01, -0.72313957E-02,  0.28546845E+00, -0.67262627E-01, -0.21875451E+00,  0.34625608E-01
     1622.,  0.12012918E-01, -0.57851165E-02,  0.28546845E+00, -0.66829529E-01, -0.21814357E+00,  0.27033537E-01
     1623.,  0.12217531E-01, -0.11336212E-01,  0.28546845E+00, -0.68018958E-01, -0.21779900E+00,  0.99176525E-01
     1624.,  0.97740250E-02, -0.90689698E-02,  0.28546845E+00, -0.67299208E-01, -0.21755021E+00,  0.77430920E-01
     1625.,  0.83333333E-02, -0.14433757E-01,  0.28546845E+00, -0.68105614E-01, -0.21658347E+00,  0.15491518E+00
     1626.,  0.66666667E-02, -0.11547005E-01,  0.28546845E+00, -0.67353022E-01, -0.21679537E+00,  0.12094824E+00
     1627.,  0.37086822E-02, -0.16248799E-01,  0.28546845E+00, -0.67492479E-01, -0.21553034E+00,  0.19688895E+00
     1628.,  0.29669458E-02, -0.12999039E-01,  0.28546845E+00, -0.66972268E-01, -0.21614138E+00,  0.15371877E+00
     1629., -0.12455016E-02, -0.16620063E-01,  0.28546845E+00, -0.66392633E-01, -0.21500559E+00,  0.22136826E+00
     1630., -0.99640125E-03, -0.13296051E-01,  0.28546845E+00, -0.66289268E-01, -0.21581551E+00,  0.17283071E+00
     1631., -0.60890171E-02, -0.15514562E-01,  0.28546845E+00, -0.65188295E-01, -0.21519158E+00,  0.22617803E+00
     1632., -0.48712137E-02, -0.12411650E-01,  0.28546845E+00, -0.65541380E-01, -0.21593101E+00,  0.17658589E+00
     1633., -0.10391497E-01, -0.13030525E-01,  0.28546845E+00, -0.64298004E-01, -0.21602369E+00,  0.21089089E+00
     1634., -0.83131974E-02, -0.10424420E-01,  0.28546845E+00, -0.64988512E-01, -0.21644774E+00,  0.16465063E+00
     1635., -0.13770646E-01, -0.93886676E-02,  0.28546845E+00, -0.64031154E-01, -0.21721273E+00,  0.17686517E+00
     1636., -0.11016517E-01, -0.75109341E-02,  0.28546845E+00, -0.64822801E-01, -0.21718613E+00,  0.13808545E+00
     1637., -0.15926213E-01, -0.49125862E-02,  0.28546845E+00, -0.64480480E-01, -0.21834548E+00,  0.12712421E+00
     1638., -0.12740971E-01, -0.39300690E-02,  0.28546845E+00, -0.65101830E-01, -0.21788956E+00,  0.99250769E-01
     1639., -0.16666667E-01,  0.20410780E-17,  0.27147129E+00, -0.12519397E+00, -0.41838460E+00,  0.60806332E-01
     1640., -0.13333333E-01,  0.16328624E-17,  0.27147129E+00, -0.12563102E+00, -0.41707648E+00,  0.47474520E-01
     1641., -0.15926213E-01,  0.49125862E-02,  0.27147129E+00, -0.12742447E+00, -0.41837651E+00, -0.75519840E-03
     1642., -0.12740971E-01,  0.39300690E-02,  0.27147129E+00, -0.12701622E+00, -0.41707146E+00, -0.58961763E-03
     1643., -0.13770646E-01,  0.93886676E-02,  0.27147129E+00, -0.12926284E+00, -0.41711334E+00, -0.62249613E-01
     1644., -0.11016517E-01,  0.75109341E-02,  0.27147129E+00, -0.12815790E+00, -0.41628700E+00, -0.48601355E-01
     1645., -0.10391497E-01,  0.13030525E-01,  0.27147129E+00, -0.13007020E+00, -0.41503407E+00, -0.11821288E+00
     1646., -0.83131974E-02,  0.10424420E-01,  0.27147129E+00, -0.12865930E+00, -0.41499571E+00, -0.92294651E-01
     1647., -0.60890171E-02,  0.15514562E-01,  0.27147129E+00, -0.12956598E+00, -0.41286130E+00, -0.16367243E+00
     1648., -0.48712137E-02,  0.12411650E-01,  0.27147129E+00, -0.12834617E+00, -0.41364636E+00, -0.12778717E+00
     1649., -0.12455016E-02,  0.16620063E-01,  0.27147129E+00, -0.12792541E+00, -0.41135012E+00, -0.19458895E+00
     1650., -0.99640125E-03,  0.13296051E-01,  0.27147129E+00, -0.12732732E+00, -0.41270787E+00, -0.15192524E+00
     1651.,  0.37086822E-02,  0.16248799E-01,  0.27147129E+00, -0.12571862E+00, -0.41102568E+00, -0.20821539E+00
     1652.,  0.29669458E-02,  0.12999039E-01,  0.27147129E+00, -0.12595684E+00, -0.41250639E+00, -0.16256408E+00
     1653.,  0.83333333E-02,  0.14433757E-01,  0.27147129E+00, -0.12371252E+00, -0.41200075E+00, -0.20334098E+00
     1654.,  0.66666667E-02,  0.11547005E-01,  0.27147129E+00, -0.12471100E+00, -0.41311193E+00, -0.15875838E+00
     1655.,  0.12217531E-01,  0.11336212E-01,  0.27147129E+00, -0.12260428E+00, -0.41393647E+00, -0.18039883E+00
     1656.,  0.97740250E-02,  0.90689698E-02,  0.27147129E+00, -0.12402275E+00, -0.41431407E+00, -0.14084631E+00
     1657.,  0.15016148E-01,  0.72313957E-02,  0.27147129E+00, -0.12277904E+00, -0.41616012E+00, -0.14142746E+00
     1658.,  0.12012918E-01,  0.57851165E-02,  0.27147129E+00, -0.12413128E+00, -0.41569503E+00, -0.11041943E+00
     1659.,  0.16480514E-01,  0.24840378E-02,  0.27147129E+00, -0.12417606E+00, -0.41789895E+00, -0.89889640E-01
     1660.,  0.13184411E-01,  0.19872302E-02,  0.27147129E+00, -0.12499887E+00, -0.41677489E+00, -0.70181301E-01
     1661.,  0.16480514E-01, -0.24840378E-02,  0.27147129E+00, -0.12630984E+00, -0.41854867E+00, -0.30364714E-01
     1662.,  0.13184411E-01, -0.19872302E-02,  0.27147129E+00, -0.12632401E+00, -0.41717839E+00, -0.23707240E-01
     1663.,  0.15016148E-01, -0.72313957E-02,  0.27147129E+00, -0.12843886E+00, -0.41788349E+00,  0.31858236E-01
     1664.,  0.12012918E-01, -0.57851165E-02,  0.27147129E+00, -0.12764619E+00, -0.41676529E+00,  0.24873301E-01
     1665.,  0.12217531E-01, -0.11336212E-01,  0.27147129E+00, -0.12982323E+00, -0.41613458E+00,  0.91250439E-01
     1666.,  0.97740250E-02, -0.90689698E-02,  0.27147129E+00, -0.12850592E+00, -0.41567916E+00,  0.71243736E-01
     1667.,  0.83333333E-02, -0.14433757E-01,  0.27147129E+00, -0.12998185E+00, -0.41390971E+00,  0.14253465E+00
     1668.,  0.66666667E-02, -0.11547005E-01,  0.27147129E+00, -0.12860443E+00, -0.41429746E+00,  0.11128386E+00
     1669.,  0.37086822E-02, -0.16248799E-01,  0.27147129E+00, -0.12885959E+00, -0.41198209E+00,  0.18115403E+00
     1670.,  0.29669458E-02, -0.12999039E-01,  0.27147129E+00, -0.12790748E+00, -0.41310035E+00,  0.14143593E+00
     1671., -0.12455016E-02, -0.16620063E-01,  0.27147129E+00, -0.12684648E+00, -0.41102160E+00,  0.20367708E+00
     1672., -0.99640125E-03, -0.13296051E-01,  0.27147129E+00, -0.12665727E+00, -0.41250385E+00,  0.15902079E+00
     1673., -0.60890171E-02, -0.15514562E-01,  0.27147129E+00, -0.12464210E+00, -0.41136202E+00,  0.20810252E+00
     1674., -0.48712137E-02, -0.12411650E-01,  0.27147129E+00, -0.12528829E+00, -0.41271526E+00,  0.16247595E+00
     1675., -0.10391497E-01, -0.13030525E-01,  0.27147129E+00, -0.12301253E+00, -0.41288507E+00,  0.19403714E+00
     1676., -0.83131974E-02, -0.10424420E-01,  0.27147129E+00, -0.12427628E+00, -0.41366112E+00,  0.15149441E+00
     1677., -0.13770646E-01, -0.93886676E-02,  0.27147129E+00, -0.12252408E+00, -0.41506144E+00,  0.16273071E+00
     1678., -0.11016517E-01, -0.75109341E-02,  0.27147129E+00, -0.12397294E+00, -0.41501271E+00,  0.12705194E+00
     1679., -0.15926213E-01, -0.49125862E-02,  0.27147129E+00, -0.12334650E+00, -0.41713480E+00,  0.11696495E+00
     1680., -0.12740971E-01, -0.39300690E-02,  0.27147129E+00, -0.12448368E+00, -0.41630032E+00,  0.91320339E-01
     1681., -0.16666667E-01,  0.20410780E-17,  0.25798886E+00, -0.17672698E+00, -0.59045248E+00,  0.52943370E-01
     1682., -0.13333333E-01,  0.16328624E-17,  0.25798886E+00, -0.17733488E+00, -0.58863286E+00,  0.41336082E-01
     1683., -0.15926213E-01,  0.49125862E-02,  0.25798886E+00, -0.17982972E+00, -0.59044124E+00, -0.65733217E-03
     1684., -0.12740971E-01,  0.39300690E-02,  0.25798886E+00, -0.17926184E+00, -0.58862587E+00, -0.51321617E-03
     1685., -0.13770646E-01,  0.93886676E-02,  0.25798886E+00, -0.18238699E+00, -0.58868411E+00, -0.54199616E-01
     1686., -0.11016517E-01,  0.75109341E-02,  0.25798886E+00, -0.18085003E+00, -0.58753461E+00, -0.42316904E-01
     1687., -0.10391497E-01,  0.13030525E-01,  0.25798886E+00, -0.18351008E+00, -0.58579173E+00, -0.10292603E+00
     1688., -0.83131974E-02,  0.10424420E-01,  0.25798886E+00, -0.18154753E+00, -0.58573830E+00, -0.80360552E-01
     1689., -0.60890171E-02,  0.15514562E-01,  0.25798886E+00, -0.18280869E+00, -0.58276929E+00, -0.14250702E+00
     1690., -0.48712137E-02,  0.12411650E-01,  0.25798886E+00, -0.18111193E+00, -0.58386120E+00, -0.11126382E+00
     1691., -0.12455016E-02,  0.16620063E-01,  0.25798886E+00, -0.18052656E+00, -0.58066714E+00, -0.16942564E+00
     1692., -0.99640125E-03,  0.13296051E-01,  0.25798886E+00, -0.17969461E+00, -0.58255567E+00, -0.13228081E+00
     1693.,  0.37086822E-02,  0.16248799E-01,  0.25798886E+00, -0.17745680E+00, -0.58021582E+00, -0.18129004E+00
     1694.,  0.29669458E-02,  0.12999039E-01,  0.25798886E+00, -0.17778813E+00, -0.58227538E+00, -0.14154406E+00
     1695.,  0.83333333E-02,  0.14433757E-01,  0.25798886E+00, -0.17466620E+00, -0.58157219E+00, -0.17704602E+00
     1696.,  0.66666667E-02,  0.11547005E-01,  0.25798886E+00, -0.17605503E+00, -0.58311774E+00, -0.13823050E+00
     1697.,  0.12217531E-01,  0.11336212E-01,  0.25798886E+00, -0.17312457E+00, -0.58426487E+00, -0.15707069E+00
     1698.,  0.97740250E-02,  0.90689698E-02,  0.25798886E+00, -0.17509760E+00, -0.58479004E+00, -0.12263456E+00
     1699.,  0.15016148E-01,  0.72313957E-02,  0.25798886E+00, -0.17336766E+00, -0.58735810E+00, -0.12313894E+00
     1700.,  0.12012918E-01,  0.57851165E-02,  0.25798886E+00, -0.17524857E+00, -0.58671110E+00, -0.96142000E-01
     1701.,  0.16480514E-01,  0.24840378E-02,  0.25798886E+00, -0.17531098E+00, -0.58977691E+00, -0.78265761E-01
     1702.,  0.13184411E-01,  0.19872302E-02,  0.25798886E+00, -0.17645547E+00, -0.58821330E+00, -0.61106801E-01
     1703.,  0.16480514E-01, -0.24840378E-02,  0.25798886E+00, -0.17827920E+00, -0.59068072E+00, -0.26438309E-01
     1704.,  0.13184411E-01, -0.19872302E-02,  0.25798886E+00, -0.17829888E+00, -0.58877461E+00, -0.20641985E-01
     1705.,  0.15016148E-01, -0.72313957E-02,  0.25798886E+00, -0.18124079E+00, -0.58975542E+00,  0.27738289E-01
     1706.,  0.12012918E-01, -0.57851165E-02,  0.25798886E+00, -0.18013818E+00, -0.58819995E+00,  0.21656951E-01
     1707.,  0.12217531E-01, -0.11336212E-01,  0.25798886E+00, -0.18316653E+00, -0.58732258E+00,  0.79450214E-01
     1708.,  0.97740250E-02, -0.90689698E-02,  0.25798886E+00, -0.18133417E+00, -0.58668903E+00,  0.62031569E-01
     1709.,  0.83333333E-02, -0.14433757E-01,  0.25798886E+00, -0.18338718E+00, -0.58422767E+00,  0.12410265E+00
     1710.,  0.66666667E-02, -0.11547005E-01,  0.25798886E+00, -0.18147121E+00, -0.58476693E+00,  0.96894416E-01
     1711.,  0.37086822E-02, -0.16248799E-01,  0.25798886E+00, -0.18182607E+00, -0.58154624E+00,  0.15772802E+00
     1712.,  0.29669458E-02, -0.12999039E-01,  0.25798886E+00, -0.18050168E+00, -0.58310163E+00,  0.12314777E+00
     1713., -0.12455016E-02, -0.16620063E-01,  0.25798886E+00, -0.17902572E+00, -0.58021013E+00,  0.17733856E+00
     1714., -0.99640125E-03, -0.13296051E-01,  0.25798886E+00, -0.17876251E+00, -0.58227184E+00,  0.13845890E+00
     1715., -0.60890171E-02, -0.15514562E-01,  0.25798886E+00, -0.17595930E+00, -0.58068368E+00,  0.18119179E+00
     1716., -0.48712137E-02, -0.12411650E-01,  0.25798886E+00, -0.17685811E+00, -0.58256594E+00,  0.14146735E+00
     1717., -0.10391497E-01, -0.13030525E-01,  0.25798886E+00, -0.17369247E+00, -0.58280233E+00,  0.16894533E+00
     1718., -0.83131974E-02, -0.10424420E-01,  0.25798886E+00, -0.17545030E+00, -0.58388172E+00,  0.13190580E+00
     1719., -0.13770646E-01, -0.93886676E-02,  0.25798886E+00, -0.17301301E+00, -0.58582979E+00,  0.14168735E+00
     1720., -0.11016517E-01, -0.75109341E-02,  0.25798886E+00, -0.17502832E+00, -0.58576193E+00,  0.11062385E+00
     1721., -0.15926213E-01, -0.49125862E-02,  0.25798886E+00, -0.17415704E+00, -0.58871394E+00,  0.10183982E+00
     1722., -0.12740971E-01, -0.39300690E-02,  0.25798886E+00, -0.17573882E+00, -0.58755313E+00,  0.79512488E-01
     1723., -0.16666667E-01,  0.20410780E-17,  0.24500223E+00, -0.21863666E+00, -0.73038386E+00,  0.43128656E-01
     1724., -0.13333333E-01,  0.16328624E-17,  0.24500223E+00, -0.21938326E+00, -0.72814893E+00,  0.33673568E-01
     1725., -0.15926213E-01,  0.49125862E-02,  0.24500223E+00, -0.22244761E+00, -0.73037006E+00, -0.53523422E-03
     1726., -0.12740971E-01,  0.39300690E-02,  0.24500223E+00, -0.22175012E+00, -0.72814036E+00, -0.41788923E-03
     1727., -0.13770646E-01,  0.93886676E-02,  0.24500223E+00, -0.22558858E+00, -0.72821186E+00, -0.44151560E-01
     1728., -0.11016517E-01,  0.75109341E-02,  0.24500223E+00, -0.22370088E+00, -0.72679997E+00, -0.34472208E-01
     1729., -0.10391497E-01,  0.13030525E-01,  0.24500223E+00, -0.22696802E+00, -0.72465930E+00, -0.83844827E-01
     1730., -0.83131974E-02,  0.10424420E-01,  0.24500223E+00, -0.22455761E+00, -0.72459358E+00, -0.65463522E-01
     1731., -0.60890171E-02,  0.15514562E-01,  0.24500223E+00, -0.22610654E+00, -0.72094698E+00, -0.11608812E+00
     1732., -0.48712137E-02,  0.12411650E-01,  0.24500223E+00, -0.22402257E+00, -0.72228797E+00, -0.90638122E-01
     1733., -0.12455016E-02,  0.16620063E-01,  0.24500223E+00, -0.22330352E+00, -0.71836501E+00, -0.13801647E+00
     1734., -0.99640125E-03,  0.13296051E-01,  0.24500223E+00, -0.22228169E+00, -0.72068439E+00, -0.10775912E+00
     1735.,  0.37086822E-02,  0.16248799E-01,  0.24500223E+00, -0.21953307E+00, -0.71781067E+00, -0.14768145E+00
     1736.,  0.29669458E-02,  0.12999039E-01,  0.24500223E+00, -0.21993998E+00, -0.72034011E+00, -0.11530525E+00
     1737.,  0.83333333E-02,  0.14433757E-01,  0.24500223E+00, -0.21610551E+00, -0.71947662E+00, -0.14422429E+00
     1738.,  0.66666667E-02,  0.11547005E-01,  0.24500223E+00, -0.21781123E+00, -0.72137478E+00, -0.11260600E+00
     1739.,  0.12217531E-01,  0.11336212E-01,  0.24500223E+00, -0.21421200E+00, -0.72278392E+00, -0.12795216E+00
     1740.,  0.97740250E-02,  0.90689698E-02,  0.24500223E+00, -0.21663523E+00, -0.72342884E+00, -0.99901216E-01
     1741.,  0.15016148E-01,  0.72313957E-02,  0.24500223E+00, -0.21451057E+00, -0.72658318E+00, -0.10031093E+00
     1742.,  0.12012918E-01,  0.57851165E-02,  0.24500223E+00, -0.21682067E+00, -0.72578845E+00, -0.78319772E-01
     1743.,  0.16480514E-01,  0.24840378E-02,  0.24500223E+00, -0.21689746E+00, -0.72955409E+00, -0.63756628E-01
     1744.,  0.13184411E-01,  0.19872302E-02,  0.24500223E+00, -0.21830309E+00, -0.72763359E+00, -0.49779270E-01
     1745.,  0.16480514E-01, -0.24840378E-02,  0.24500223E+00, -0.22054317E+00, -0.73066419E+00, -0.21537261E-01
     1746.,  0.13184411E-01, -0.19872302E-02,  0.24500223E+00, -0.22056733E+00, -0.72832304E+00, -0.16815654E-01
     1747.,  0.15016148E-01, -0.72313957E-02,  0.24500223E+00, -0.22418075E+00, -0.72952770E+00,  0.22595775E-01
     1748.,  0.12012918E-01, -0.57851165E-02,  0.24500223E+00, -0.22282652E+00, -0.72761720E+00,  0.17642098E-01
     1749.,  0.12217531E-01, -0.11336212E-01,  0.24500223E+00, -0.22654605E+00, -0.72653957E+00,  0.64721074E-01
     1750.,  0.97740250E-02, -0.90689698E-02,  0.24500223E+00, -0.22429554E+00, -0.72576136E+00,  0.50532268E-01
     1751.,  0.83333333E-02, -0.14433757E-01,  0.24500223E+00, -0.22681707E+00, -0.72273823E+00,  0.10109563E+00
     1752.,  0.66666667E-02, -0.11547005E-01,  0.24500223E+00, -0.22446386E+00, -0.72340046E+00,  0.78932431E-01
     1753.,  0.37086822E-02, -0.16248799E-01,  0.24500223E+00, -0.22489964E+00, -0.71944476E+00,  0.12848740E+00
     1754.,  0.29669458E-02, -0.12999039E-01,  0.24500223E+00, -0.22327300E+00, -0.72135499E+00,  0.10031910E+00
     1755., -0.12455016E-02, -0.16620063E-01,  0.24500223E+00, -0.22146010E+00, -0.71780369E+00,  0.14446249E+00
     1756., -0.99640125E-03, -0.13296051E-01,  0.24500223E+00, -0.22113681E+00, -0.72033577E+00,  0.11279198E+00
     1757., -0.60890171E-02, -0.15514562E-01,  0.24500223E+00, -0.21769377E+00, -0.71838532E+00,  0.14760145E+00
     1758., -0.48712137E-02, -0.12411650E-01,  0.24500223E+00, -0.21879765E+00, -0.72069700E+00,  0.11524279E+00
     1759., -0.10391497E-01, -0.13030525E-01,  0.24500223E+00, -0.21490954E+00, -0.72098755E+00,  0.13762538E+00
     1760., -0.83131974E-02, -0.10424420E-01,  0.24500223E+00, -0.21706845E+00, -0.72231316E+00,  0.10745378E+00
     1761., -0.13770646E-01, -0.93886676E-02,  0.24500223E+00, -0.21407499E+00, -0.72470603E+00,  0.11542070E+00
     1762., -0.11016517E-01, -0.75109341E-02,  0.24500223E+00, -0.21655014E+00, -0.72462260E+00,  0.90117024E-01
     1763., -0.15926213E-01, -0.49125862E-02,  0.24500223E+00, -0.21548013E+00, -0.72824849E+00,  0.82960378E-01
     1764., -0.12740971E-01, -0.39300690E-02,  0.24500223E+00, -0.21742283E+00, -0.72682272E+00,  0.64772981E-01
     1765., -0.16666667E-01,  0.20410780E-17,  0.23249318E+00, -0.25018792E+00, -0.83572518E+00,  0.31982753E-01
     1766., -0.13333333E-01,  0.16328624E-17,  0.23249318E+00, -0.25103867E+00, -0.83317829E+00,  0.24971418E-01
     1767., -0.15926213E-01,  0.49125862E-02,  0.23249318E+00, -0.25453084E+00, -0.83570945E+00, -0.39661536E-03
     1768., -0.12740971E-01,  0.39300690E-02,  0.23249318E+00, -0.25373600E+00, -0.83316852E+00, -0.30965964E-03
     1769., -0.13770646E-01,  0.93886676E-02,  0.23249318E+00, -0.25811026E+00, -0.83324999E+00, -0.32740736E-01
     1770., -0.11016517E-01,  0.75109341E-02,  0.23249318E+00, -0.25595913E+00, -0.83164099E+00, -0.25563216E-01
     1771., -0.10391497E-01,  0.13030525E-01,  0.23249318E+00, -0.25968226E+00, -0.82920153E+00, -0.62175701E-01
     1772., -0.83131974E-02,  0.10424420E-01,  0.23249318E+00, -0.25693548E+00, -0.82912654E+00, -0.48545371E-01
     1773., -0.60890171E-02,  0.15514562E-01,  0.23249318E+00, -0.25870052E+00, -0.82497101E+00, -0.86086088E-01
     1774., -0.48712137E-02,  0.12411650E-01,  0.23249318E+00, -0.25632574E+00, -0.82649901E+00, -0.67214062E-01
     1775., -0.12455016E-02,  0.16620063E-01,  0.23249318E+00, -0.25550624E+00, -0.82202862E+00, -0.10234734E+00
     1776., -0.99640125E-03,  0.13296051E-01,  0.23249318E+00, -0.25434180E+00, -0.82467154E+00, -0.79910485E-01
     1777.,  0.37086822E-02,  0.16248799E-01,  0.23249318E+00, -0.25120948E+00, -0.82139691E+00, -0.10951459E+00
     1778.,  0.29669458E-02,  0.12999039E-01,  0.23249318E+00, -0.25167314E+00, -0.82427919E+00, -0.85506510E-01
     1779.,  0.83333333E-02,  0.14433757E-01,  0.23249318E+00, -0.24730347E+00, -0.82329540E+00, -0.10695098E+00
     1780.,  0.66666667E-02,  0.11547005E-01,  0.23249318E+00, -0.24924717E+00, -0.82545832E+00, -0.83504906E-01
     1781.,  0.12217531E-01,  0.11336212E-01,  0.23249318E+00, -0.24514564E+00, -0.82706436E+00, -0.94884312E-01
     1782.,  0.97740250E-02,  0.90689698E-02,  0.23249318E+00, -0.24790697E+00, -0.82779917E+00, -0.74083525E-01
     1783.,  0.15016148E-01,  0.72313957E-02,  0.23249318E+00, -0.24548589E+00, -0.83139396E+00, -0.74386757E-01
     1784.,  0.12012918E-01,  0.57851165E-02,  0.23249318E+00, -0.24811829E+00, -0.83048824E+00, -0.58079501E-01
     1785.,  0.16480514E-01,  0.24840378E-02,  0.23249318E+00, -0.24820595E+00, -0.83477958E+00, -0.47279610E-01
     1786.,  0.13184411E-01,  0.19872302E-02,  0.23249318E+00, -0.24980769E+00, -0.83259100E+00, -0.36914856E-01
     1787.,  0.16480514E-01, -0.24840378E-02,  0.23249318E+00, -0.25236057E+00, -0.83604464E+00, -0.15971455E-01
     1788.,  0.13184411E-01, -0.19872302E-02,  0.23249318E+00, -0.25238807E+00, -0.83337672E+00, -0.12470159E-01
     1789.,  0.15016148E-01, -0.72313957E-02,  0.23249318E+00, -0.25650591E+00, -0.83474951E+00,  0.16755826E-01
     1790.,  0.12012918E-01, -0.57851165E-02,  0.23249318E+00, -0.25496269E+00, -0.83257233E+00,  0.13082560E-01
     1791.,  0.12217531E-01, -0.11336212E-01,  0.23249318E+00, -0.25920138E+00, -0.83134427E+00,  0.47994275E-01
     1792.,  0.97740250E-02, -0.90689698E-02,  0.23249318E+00, -0.25663681E+00, -0.83045737E+00,  0.37472834E-01
     1793.,  0.83333333E-02, -0.14433757E-01,  0.23249318E+00, -0.25951024E+00, -0.82701231E+00,  0.74968228E-01
     1794.,  0.66666667E-02, -0.11547005E-01,  0.23249318E+00, -0.25682864E+00, -0.82776684E+00,  0.58533487E-01
     1795.,  0.37086822E-02, -0.16248799E-01,  0.23249318E+00, -0.25732516E+00, -0.82325910E+00,  0.95280926E-01
     1796.,  0.29669458E-02, -0.12999039E-01,  0.23249318E+00, -0.25547152E+00, -0.82543577E+00,  0.74393185E-01
     1797., -0.12455016E-02, -0.16620063E-01,  0.23249318E+00, -0.25340550E+00, -0.82138894E+00,  0.10712749E+00
     1798., -0.99640125E-03, -0.13296051E-01,  0.23249318E+00, -0.25303706E+00, -0.82427424E+00,  0.83642717E-01
     1799., -0.60890171E-02, -0.15514562E-01,  0.23249318E+00, -0.24911343E+00, -0.82205176E+00,  0.10945531E+00
     1800., -0.48712137E-02, -0.12411650E-01,  0.23249318E+00, -0.25037131E+00, -0.82468591E+00,  0.85460227E-01
     1801., -0.10391497E-01, -0.13030525E-01,  0.23249318E+00, -0.24594054E+00, -0.82501723E+00,  0.10205754E+00
     1802., -0.83131974E-02, -0.10424420E-01,  0.23249318E+00, -0.24840067E+00, -0.82652772E+00,  0.79684221E-01
     1803., -0.13770646E-01, -0.93886676E-02,  0.23249318E+00, -0.24498949E+00, -0.82925477E+00,  0.85591518E-01
     1804., -0.11016517E-01, -0.75109341E-02,  0.23249318E+00, -0.24780999E+00, -0.82915960E+00,  0.66827925E-01
     1805., -0.15926213E-01, -0.49125862E-02,  0.23249318E+00, -0.24659078E+00, -0.83329172E+00,  0.61520313E-01
     1806., -0.12740971E-01, -0.39300690E-02,  0.23249318E+00, -0.24880453E+00, -0.83166691E+00,  0.48033675E-01
     1807., -0.16666667E-01,  0.20410780E-17,  0.22044414E+00, -0.27124905E+00, -0.90603757E+00,  0.20084179E-01
     1808., -0.13333333E-01,  0.16328624E-17,  0.22044414E+00, -0.27216902E+00, -0.90328324E+00,  0.15681287E-01
     1809., -0.15926213E-01,  0.49125862E-02,  0.22044414E+00, -0.27594575E+00, -0.90602056E+00, -0.24865918E-03
     1810., -0.12740971E-01,  0.39300690E-02,  0.22044414E+00, -0.27508616E+00, -0.90327267E+00, -0.19413398E-03
     1811., -0.13770646E-01,  0.93886676E-02,  0.22044414E+00, -0.27981676E+00, -0.90336076E+00, -0.20559400E-01
     1812., -0.11016517E-01,  0.75109341E-02,  0.22044414E+00, -0.27749047E+00, -0.90162066E+00, -0.16052301E-01
     1813., -0.10391497E-01,  0.13030525E-01,  0.22044414E+00, -0.28151682E+00, -0.89898250E+00, -0.39043348E-01
     1814., -0.83131974E-02,  0.10424420E-01,  0.22044414E+00, -0.27854639E+00, -0.89890130E+00, -0.30484153E-01
     1815., -0.60890171E-02,  0.15514562E-01,  0.22044414E+00, -0.28045511E+00, -0.89440735E+00, -0.54058128E-01
     1816., -0.48712137E-02,  0.12411650E-01,  0.22044414E+00, -0.27788695E+00, -0.89605964E+00, -0.42207358E-01
     1817., -0.12455016E-02,  0.16620063E-01,  0.22044414E+00, -0.27700061E+00, -0.89122527E+00, -0.64269604E-01
     1818., -0.99640125E-03,  0.13296051E-01,  0.22044414E+00, -0.27574134E+00, -0.89408324E+00, -0.50180251E-01
     1819.,  0.37086822E-02,  0.16248799E-01,  0.22044414E+00, -0.27235383E+00, -0.89054209E+00, -0.68770441E-01
     1820.,  0.29669458E-02,  0.12999039E-01,  0.22044414E+00, -0.27285520E+00, -0.89365892E+00, -0.53694408E-01
     1821.,  0.83333333E-02,  0.14433757E-01,  0.22044414E+00, -0.26812962E+00, -0.89259524E+00, -0.67160724E-01
     1822.,  0.66666667E-02,  0.11547005E-01,  0.22044414E+00, -0.27023152E+00, -0.89493414E+00, -0.52437582E-01
     1823.,  0.12217531E-01,  0.11336212E-01,  0.22044414E+00, -0.26579601E+00, -0.89667122E+00, -0.59583483E-01
     1824.,  0.97740250E-02,  0.90689698E-02,  0.22044414E+00, -0.26878211E+00, -0.89746576E+00, -0.46521446E-01
     1825.,  0.15016148E-01,  0.72313957E-02,  0.22044414E+00, -0.26616397E+00, -0.90135353E+00, -0.46711989E-01
     1826.,  0.12012918E-01,  0.57851165E-02,  0.22044414E+00, -0.26901065E+00, -0.90037396E+00, -0.36471678E-01
     1827.,  0.16480514E-01,  0.24840378E-02,  0.22044414E+00, -0.26910562E+00, -0.90501495E+00, -0.29689929E-01
     1828.,  0.13184411E-01,  0.19872302E-02,  0.22044414E+00, -0.27083772E+00, -0.90264809E+00, -0.23181240E-01
     1829.,  0.16480514E-01, -0.24840378E-02,  0.22044414E+00, -0.27359868E+00, -0.90638307E+00, -0.10029784E-01
     1830.,  0.13184411E-01, -0.19872302E-02,  0.22044414E+00, -0.27362839E+00, -0.90349784E+00, -0.78310432E-02
     1831.,  0.15016148E-01, -0.72313957E-02,  0.22044414E+00, -0.27808171E+00, -0.90498243E+00,  0.10521546E-01
     1832.,  0.12012918E-01, -0.57851165E-02,  0.22044414E+00, -0.27641283E+00, -0.90262789E+00,  0.82149720E-02
     1833.,  0.12217531E-01, -0.11336212E-01,  0.22044414E+00, -0.28099677E+00, -0.90129979E+00,  0.30137990E-01
     1834.,  0.97740250E-02, -0.90689698E-02,  0.22044414E+00, -0.27822338E+00, -0.90034058E+00,  0.23531049E-01
     1835.,  0.83333333E-02, -0.14433757E-01,  0.22044414E+00, -0.28133079E+00, -0.89661493E+00,  0.47076544E-01
     1836.,  0.66666667E-02, -0.11547005E-01,  0.22044414E+00, -0.27843085E+00, -0.89743079E+00,  0.36756292E-01
     1837.,  0.37086822E-02, -0.16248799E-01,  0.22044414E+00, -0.27896770E+00, -0.89255597E+00,  0.59832141E-01
     1838.,  0.29669458E-02, -0.12999039E-01,  0.22044414E+00, -0.27696312E+00, -0.89490975E+00,  0.46715578E-01
     1839., -0.12455016E-02, -0.16620063E-01,  0.22044414E+00, -0.27472874E+00, -0.89053347E+00,  0.67271388E-01
     1840., -0.99640125E-03, -0.13296051E-01,  0.22044414E+00, -0.27433027E+00, -0.89365356E+00,  0.52523978E-01
     1841., -0.60890171E-02, -0.15514562E-01,  0.22044414E+00, -0.27008702E+00, -0.89125029E+00,  0.68733276E-01
     1842., -0.48712137E-02, -0.12411650E-01,  0.22044414E+00, -0.27144728E+00, -0.89409877E+00,  0.53665391E-01
     1843., -0.10391497E-01, -0.13030525E-01,  0.22044414E+00, -0.26665566E+00, -0.89445733E+00,  0.64087911E-01
     1844., -0.83131974E-02, -0.10424420E-01,  0.22044414E+00, -0.26931604E+00, -0.89609068E+00,  0.50038399E-01
     1845., -0.13770646E-01, -0.93886676E-02,  0.22044414E+00, -0.26562714E+00, -0.89904007E+00,  0.53748056E-01
     1846., -0.11016517E-01, -0.75109341E-02,  0.22044414E+00, -0.26867722E+00, -0.89893705E+00,  0.41965277E-01
     1847., -0.15926213E-01, -0.49125862E-02,  0.22044414E+00, -0.26735887E+00, -0.90340589E+00,  0.38632451E-01
     1848., -0.12740971E-01, -0.39300690E-02,  0.22044414E+00, -0.26975281E+00, -0.90164868E+00,  0.30163356E-01
     1849., -0.16666667E-01,  0.20410780E-17,  0.20883819E+00, -0.28216884E+00, -0.94248680E+00,  0.79476973E-02
     1850., -0.13333333E-01,  0.16328624E-17,  0.20883819E+00, -0.28312435E+00, -0.93962588E+00,  0.62050682E-02
     1851., -0.15926213E-01,  0.49125862E-02,  0.20883819E+00, -0.28704735E+00, -0.94246914E+00, -0.97757280E-04
     1852., -0.12740971E-01,  0.39300690E-02,  0.20883819E+00, -0.28615450E+00, -0.93961490E+00, -0.76305351E-04
     1853., -0.13770646E-01,  0.93886676E-02,  0.20883819E+00, -0.29106820E+00, -0.93970638E+00, -0.81345241E-02
     1854., -0.11016517E-01,  0.75109341E-02,  0.20883819E+00, -0.28865195E+00, -0.93789889E+00, -0.63508979E-02
     1855., -0.10391497E-01,  0.13030525E-01,  0.20883819E+00, -0.29283407E+00, -0.93515865E+00, -0.15448504E-01
     1856., -0.83131974E-02,  0.10424420E-01,  0.20883819E+00, -0.28974877E+00, -0.93507418E+00, -0.12061185E-01
     1857., -0.60890171E-02,  0.15514562E-01,  0.20883819E+00, -0.29173127E+00, -0.93040639E+00, -0.21389818E-01
     1858., -0.48712137E-02,  0.12411650E-01,  0.20883819E+00, -0.28906380E+00, -0.93212244E+00, -0.16699785E-01
     1859., -0.12455016E-02,  0.16620063E-01,  0.20883819E+00, -0.28814305E+00, -0.92710113E+00, -0.25430552E-01
     1860., -0.99640125E-03,  0.13296051E-01,  0.20883819E+00, -0.28683506E+00, -0.93006947E+00, -0.19854535E-01
     1861.,  0.37086822E-02,  0.16248799E-01,  0.20883819E+00, -0.28331639E+00, -0.92639150E+00, -0.27211669E-01
     1862.,  0.29669458E-02,  0.12999039E-01,  0.20883819E+00, -0.28383711E+00, -0.92962870E+00, -0.21245122E-01
     1863.,  0.83333333E-02,  0.14433757E-01,  0.20883819E+00, -0.27892868E+00, -0.92852413E+00, -0.26574911E-01
     1864.,  0.66666667E-02,  0.11547005E-01,  0.20883819E+00, -0.28111179E+00, -0.93095333E+00, -0.20747987E-01
     1865.,  0.12217531E-01,  0.11336212E-01,  0.20883819E+00, -0.27650473E+00, -0.93275789E+00, -0.23576855E-01
     1866.,  0.97740250E-02,  0.90689698E-02,  0.20883819E+00, -0.27960622E+00, -0.93358302E+00, -0.18407302E-01
     1867.,  0.15016148E-01,  0.72313957E-02,  0.20883819E+00, -0.27688693E+00, -0.93762144E+00, -0.18483893E-01
     1868.,  0.12012918E-01,  0.57851165E-02,  0.20883819E+00, -0.27984362E+00, -0.93660389E+00, -0.14431049E-01
     1869.,  0.16480514E-01,  0.24840378E-02,  0.20883819E+00, -0.27994244E+00, -0.94142459E+00, -0.11748556E-01
     1870.,  0.13184411E-01,  0.19872302E-02,  0.20883819E+00, -0.28174147E+00, -0.93896612E+00, -0.91725332E-02
     1871.,  0.16480514E-01, -0.24840378E-02,  0.20883819E+00, -0.28460942E+00, -0.94284567E+00, -0.39693063E-02
     1872.,  0.13184411E-01, -0.19872302E-02,  0.20883819E+00, -0.28464025E+00, -0.93984879E+00, -0.30989962E-02
     1873.,  0.15016148E-01, -0.72313957E-02,  0.20883819E+00, -0.28926599E+00, -0.94139083E+00,  0.41626326E-02
     1874.,  0.12012918E-01, -0.57851165E-02,  0.20883819E+00, -0.28753255E+00, -0.93894515E+00,  0.32498985E-02
     1875.,  0.12217531E-01, -0.11336212E-01,  0.20883819E+00, -0.29229389E+00, -0.93756563E+00,  0.11924703E-01
     1876.,  0.97740250E-02, -0.90689698E-02,  0.20883819E+00, -0.28941325E+00, -0.93656923E+00,  0.93100253E-02
     1877.,  0.83333333E-02, -0.14433757E-01,  0.20883819E+00, -0.29264085E+00, -0.93269943E+00,  0.18627212E-01
     1878.,  0.66666667E-02, -0.11547005E-01,  0.20883819E+00, -0.28962876E+00, -0.93354671E+00,  0.14542916E-01
     1879.,  0.37086822E-02, -0.16248799E-01,  0.20883819E+00, -0.29018629E+00, -0.92848336E+00,  0.23674612E-01
     1880.,  0.29669458E-02, -0.12999039E-01,  0.20883819E+00, -0.28810418E+00, -0.93092801E+00,  0.18483606E-01
     1881., -0.12455016E-02, -0.16620063E-01,  0.20883819E+00, -0.28578324E+00, -0.92638257E+00,  0.26618417E-01
     1882., -0.99640125E-03, -0.13296051E-01,  0.20883819E+00, -0.28536934E+00, -0.92962315E+00,  0.20781944E-01
     1883., -0.60890171E-02, -0.15514562E-01,  0.20883819E+00, -0.28096185E+00, -0.92712712E+00,  0.27197058E-01
     1884., -0.48712137E-02, -0.12411650E-01,  0.20883819E+00, -0.28237465E+00, -0.93008561E+00,  0.21233716E-01
     1885., -0.10391497E-01, -0.13030525E-01,  0.20883819E+00, -0.27739767E+00, -0.93045830E+00,  0.25359122E-01
     1886., -0.83131974E-02, -0.10424420E-01,  0.20883819E+00, -0.28016085E+00, -0.93215468E+00,  0.19798778E-01
     1887., -0.13770646E-01, -0.93886676E-02,  0.20883819E+00, -0.27632933E+00, -0.93521843E+00,  0.21267918E-01
     1888., -0.11016517E-01, -0.75109341E-02,  0.20883819E+00, -0.27949728E+00, -0.93511131E+00,  0.16604634E-01
     1889., -0.15926213E-01, -0.49125862E-02,  0.20883819E+00, -0.27812809E+00, -0.93975325E+00,  0.15286965E-01
     1890., -0.12740971E-01, -0.39300690E-02,  0.20883819E+00, -0.28061454E+00, -0.93792800E+00,  0.11935094E-01
     1891., -0.16666667E-01,  0.20410780E-17,  0.19765905E+00, -0.28365613E+00, -0.94744050E+00, -0.39880691E-02
     1892., -0.13333333E-01,  0.16328624E-17,  0.19765905E+00, -0.28461588E+00, -0.94456664E+00, -0.31147675E-02
     1893., -0.15926213E-01,  0.49125862E-02,  0.19765905E+00, -0.28855674E+00, -0.94742276E+00,  0.50644747E-04
     1894., -0.12740971E-01,  0.39300690E-02,  0.19765905E+00, -0.28765986E+00, -0.94455562E+00,  0.39571620E-04
     1895., -0.13770646E-01,  0.93886676E-02,  0.19765905E+00, -0.29259582E+00, -0.94464748E+00,  0.40848572E-02
     1896., -0.11016517E-01,  0.75109341E-02,  0.19765905E+00, -0.29016870E+00, -0.94283177E+00,  0.31903940E-02
     1897., -0.10391497E-01,  0.13030525E-01,  0.19765905E+00, -0.29436969E+00, -0.94007914E+00,  0.77561126E-02
     1898., -0.83131974E-02,  0.10424420E-01,  0.19765905E+00, -0.29127053E+00, -0.93999418E+00,  0.60577364E-02
     1899., -0.60890171E-02,  0.15514562E-01,  0.19765905E+00, -0.29326189E+00, -0.93530535E+00,  0.10738204E-01
     1900., -0.48712137E-02,  0.12411650E-01,  0.19765905E+00, -0.29058243E+00, -0.93702898E+00,  0.83868223E-02
     1901., -0.12455016E-02,  0.16620063E-01,  0.19765905E+00, -0.28965741E+00, -0.93198512E+00,  0.12766159E-01
     1902., -0.99640125E-03,  0.13296051E-01,  0.19765905E+00, -0.28834353E+00, -0.93496664E+00,  0.99707022E-02
     1903.,  0.37086822E-02,  0.16248799E-01,  0.19765905E+00, -0.28480889E+00, -0.93127227E+00,  0.13659783E-01
     1904.,  0.29669458E-02,  0.12999039E-01,  0.19765905E+00, -0.28533191E+00, -0.93452387E+00,  0.10668641E-01
     1905.,  0.83333333E-02,  0.14433757E-01,  0.19765905E+00, -0.28040129E+00, -0.93341456E+00,  0.13339677E-01
     1906.,  0.66666667E-02,  0.11547005E-01,  0.19765905E+00, -0.28259416E+00, -0.93585453E+00,  0.10418625E-01
     1907.,  0.12217531E-01,  0.11336212E-01,  0.19765905E+00, -0.27796636E+00, -0.93766751E+00,  0.11834281E-01
     1908.,  0.97740250E-02,  0.90689698E-02,  0.19765905E+00, -0.28108172E+00, -0.93849622E+00,  0.92428683E-02
     1909.,  0.15016148E-01,  0.72313957E-02,  0.19765905E+00, -0.27835029E+00, -0.94255310E+00,  0.92773580E-02
     1910.,  0.12012918E-01,  0.57851165E-02,  0.19765905E+00, -0.28132020E+00, -0.94153087E+00,  0.72458425E-02
     1911.,  0.16480514E-01,  0.24840378E-02,  0.19765905E+00, -0.28141965E+00, -0.94637348E+00,  0.58961004E-02
     1912.,  0.13184411E-01,  0.19872302E-02,  0.19765905E+00, -0.28322671E+00, -0.94390388E+00,  0.46049915E-02
     1913.,  0.16480514E-01, -0.24840378E-02,  0.19765905E+00, -0.28610778E+00, -0.94780101E+00,  0.19909481E-02
     1914.,  0.13184411E-01, -0.19872302E-02,  0.19765905E+00, -0.28613871E+00, -0.94479058E+00,  0.15549656E-02
     1915.,  0.15016148E-01, -0.72313957E-02,  0.19765905E+00, -0.29078545E+00, -0.94633957E+00, -0.20911079E-02
     1916.,  0.12012918E-01, -0.57851165E-02,  0.19765905E+00, -0.28904421E+00, -0.94388281E+00, -0.16332238E-02
     1917.,  0.12217531E-01, -0.11336212E-01,  0.19765905E+00, -0.29382706E+00, -0.94249704E+00, -0.59873594E-02
     1918.,  0.97740250E-02, -0.90689698E-02,  0.19765905E+00, -0.29093348E+00, -0.94149605E+00, -0.46762945E-02
     1919.,  0.83333333E-02, -0.14433757E-01,  0.19765905E+00, -0.29417559E+00, -0.93760879E+00, -0.93516090E-02
     1920.,  0.66666667E-02, -0.11547005E-01,  0.19765905E+00, -0.29114997E+00, -0.93845975E+00, -0.73038563E-02
     1921.,  0.37086822E-02, -0.16248799E-01,  0.19765905E+00, -0.29170992E+00, -0.93337361E+00, -0.11884927E-01
     1922.,  0.29669458E-02, -0.12999039E-01,  0.19765905E+00, -0.28961843E+00, -0.93582910E+00, -0.92824388E-02
     1923., -0.12455016E-02, -0.16620063E-01,  0.19765905E+00, -0.28728692E+00, -0.93126330E+00, -0.13362217E-01
     1924., -0.99640125E-03, -0.13296051E-01,  0.19765905E+00, -0.28687112E+00, -0.93451829E+00, -0.10436235E-01
     1925., -0.60890171E-02, -0.15514562E-01,  0.19765905E+00, -0.28244368E+00, -0.93201122E+00, -0.13652215E-01
     1926., -0.48712137E-02, -0.12411650E-01,  0.19765905E+00, -0.28386277E+00, -0.93498286E+00, -0.10662727E-01
     1927., -0.10391497E-01, -0.13030525E-01,  0.19765905E+00, -0.27886334E+00, -0.93535749E+00, -0.12729154E-01
     1928., -0.83131974E-02, -0.10424420E-01,  0.19765905E+00, -0.28163887E+00, -0.93706136E+00, -0.99417872E-02
     1929., -0.13770646E-01, -0.93886676E-02,  0.19765905E+00, -0.27779015E+00, -0.94013919E+00, -0.10675052E-01
     1930., -0.11016517E-01, -0.75109341E-02,  0.19765905E+00, -0.28097227E+00, -0.94003148E+00, -0.83374773E-02
     1931., -0.15926213E-01, -0.49125862E-02,  0.19765905E+00, -0.27959706E+00, -0.94469456E+00, -0.76724253E-02
     1932., -0.12740971E-01, -0.39300690E-02,  0.19765905E+00, -0.28209462E+00, -0.94286102E+00, -0.59923458E-02
     1933., -0.16666667E-01,  0.20410780E-17,  0.18689100E+00, -0.27666882E+00, -0.92409801E+00, -0.15365475E-01
     1934., -0.13333333E-01,  0.16328624E-17,  0.18689100E+00, -0.27760477E+00, -0.92129520E+00, -0.11998946E-01
     1935., -0.15926213E-01,  0.49125862E-02,  0.18689100E+00, -0.28144831E+00, -0.92408070E+00,  0.19209786E-03
     1936., -0.12740971E-01,  0.39300690E-02,  0.18689100E+00, -0.28057360E+00, -0.92128445E+00,  0.15002574E-03
     1937., -0.13770646E-01,  0.93886676E-02,  0.18689100E+00, -0.28538756E+00, -0.92137402E+00,  0.15732599E-01
     1938., -0.11016517E-01,  0.75109341E-02,  0.18689100E+00, -0.28302052E+00, -0.91960316E+00,  0.12285665E-01
     1939., -0.10391497E-01,  0.13030525E-01,  0.18689100E+00, -0.28711760E+00, -0.91691859E+00,  0.29875191E-01
     1940., -0.83131974E-02,  0.10424420E-01,  0.18689100E+00, -0.28409515E+00, -0.91683562E+00,  0.23329669E-01
     1941., -0.60890171E-02,  0.15514562E-01,  0.18689100E+00, -0.28603718E+00, -0.91226278E+00,  0.41363244E-01
     1942., -0.48712137E-02,  0.12411650E-01,  0.18689100E+00, -0.28342404E+00, -0.91394361E+00,  0.32300733E-01
     1943., -0.12455016E-02,  0.16620063E-01,  0.18689100E+00, -0.28252179E+00, -0.90902461E+00,  0.49175989E-01
     1944., -0.99640125E-03,  0.13296051E-01,  0.18689100E+00, -0.28124041E+00, -0.91193218E+00,  0.38401733E-01
     1945.,  0.37086822E-02,  0.16248799E-01,  0.18689100E+00, -0.27779309E+00, -0.90832938E+00,  0.52619231E-01
     1946.,  0.29669458E-02,  0.12999039E-01,  0.18689100E+00, -0.27830312E+00, -0.91150034E+00,  0.41090570E-01
     1947.,  0.83333333E-02,  0.14433757E-01,  0.18689100E+00, -0.27349443E+00, -0.91041872E+00,  0.51387024E-01
     1948.,  0.66666667E-02,  0.11547005E-01,  0.18689100E+00, -0.27563295E+00, -0.91279815E+00,  0.40128329E-01
     1949.,  0.12217531E-01,  0.11336212E-01,  0.18689100E+00, -0.27111968E+00, -0.91456655E+00,  0.45588855E-01
     1950.,  0.97740250E-02,  0.90689698E-02,  0.18689100E+00, -0.27415785E+00, -0.91537463E+00,  0.35600511E-01
     1951.,  0.15016148E-01,  0.72313957E-02,  0.18689100E+00, -0.27149412E+00, -0.91933140E+00,  0.35739916E-01
     1952.,  0.12012918E-01,  0.57851165E-02,  0.18689100E+00, -0.27439044E+00, -0.91833438E+00,  0.27909432E-01
     1953.,  0.16480514E-01,  0.24840378E-02,  0.18689100E+00, -0.27448762E+00, -0.92305736E+00,  0.22715329E-01
     1954.,  0.13184411E-01,  0.19872302E-02,  0.18689100E+00, -0.27624989E+00, -0.92064880E+00,  0.17738477E-01
     1955.,  0.16480514E-01, -0.24840378E-02,  0.18689100E+00, -0.27905988E+00, -0.92444961E+00,  0.76723822E-02
     1956.,  0.13184411E-01, -0.19872302E-02,  0.18689100E+00, -0.27909001E+00, -0.92151361E+00,  0.59913776E-02
     1957.,  0.15016148E-01, -0.72313957E-02,  0.18689100E+00, -0.28362194E+00, -0.92302429E+00, -0.80522870E-02
     1958.,  0.12012918E-01, -0.57851165E-02,  0.18689100E+00, -0.28192379E+00, -0.92062826E+00, -0.62880796E-02
     1959.,  0.12217531E-01, -0.11336212E-01,  0.18689100E+00, -0.28658839E+00, -0.91927673E+00, -0.23061474E-01
     1960.,  0.97740250E-02, -0.90689698E-02,  0.18689100E+00, -0.28376643E+00, -0.91830041E+00, -0.18008812E-01
     1961.,  0.83333333E-02, -0.14433757E-01,  0.18689100E+00, -0.28692830E+00, -0.91450929E+00, -0.36021551E-01
     1962.,  0.66666667E-02, -0.11547005E-01,  0.18689100E+00, -0.28397758E+00, -0.91533906E+00, -0.28129385E-01
     1963.,  0.37086822E-02, -0.16248799E-01,  0.18689100E+00, -0.28452357E+00, -0.91037877E+00, -0.45780954E-01
     1964.,  0.29669458E-02, -0.12999039E-01,  0.18689100E+00, -0.28248384E+00, -0.91277334E+00, -0.35750539E-01
     1965., -0.12455016E-02, -0.16620063E-01,  0.18689100E+00, -0.28020988E+00, -0.90832062E+00, -0.51472518E-01
     1966., -0.99640125E-03, -0.13296051E-01,  0.18689100E+00, -0.27980434E+00, -0.91149489E+00, -0.40195099E-01
     1967., -0.60890171E-02, -0.15514562E-01,  0.18689100E+00, -0.27548634E+00, -0.90905006E+00, -0.52590521E-01
     1968., -0.48712137E-02, -0.12411650E-01,  0.18689100E+00, -0.27687026E+00, -0.91194798E+00, -0.41068148E-01
     1969., -0.10391497E-01, -0.13030525E-01,  0.18689100E+00, -0.27199449E+00, -0.91231362E+00, -0.49035627E-01
     1970., -0.83131974E-02, -0.10424420E-01,  0.18689100E+00, -0.27470125E+00, -0.91397518E+00, -0.38292112E-01
     1971., -0.13770646E-01, -0.93886676E-02,  0.18689100E+00, -0.27094782E+00, -0.91697714E+00, -0.41123703E-01
     1972., -0.11016517E-01, -0.75109341E-02,  0.18689100E+00, -0.27405111E+00, -0.91687199E+00, -0.32113655E-01
     1973., -0.15926213E-01, -0.49125862E-02,  0.18689100E+00, -0.27271007E+00, -0.92141992E+00, -0.29557758E-01
     1974., -0.12740971E-01, -0.39300690E-02,  0.18689100E+00, -0.27514575E+00, -0.91963168E+00, -0.23081760E-01
     1975., -0.16666667E-01,  0.20410780E-17,  0.17651895E+00, -0.26231726E+00, -0.87616754E+00, -0.25906932E-01
     1976., -0.13333333E-01,  0.16328624E-17,  0.17651895E+00, -0.26320509E+00, -0.87350862E+00, -0.20230697E-01
     1977., -0.15926213E-01,  0.49125862E-02,  0.17651895E+00, -0.26685143E+00, -0.87615113E+00,  0.32315188E-03
     1978., -0.12740971E-01,  0.39300690E-02,  0.17651895E+00, -0.26602163E+00, -0.87349843E+00,  0.25236161E-03
     1979., -0.13770646E-01,  0.93886676E-02,  0.17651895E+00, -0.27058850E+00, -0.87358337E+00,  0.26524517E-01
     1980., -0.11016517E-01,  0.75109341E-02,  0.17651895E+00, -0.26834303E+00, -0.87190338E+00,  0.20712991E-01
     1981., -0.10391497E-01,  0.13030525E-01,  0.17651895E+00, -0.27222973E+00, -0.86935662E+00,  0.50369063E-01
     1982., -0.83131974E-02,  0.10424420E-01,  0.17651895E+00, -0.26936254E+00, -0.86927780E+00,  0.39333182E-01
     1983., -0.60890171E-02,  0.15514562E-01,  0.17651895E+00, -0.27120477E+00, -0.86493978E+00,  0.69738103E-01
     1984., -0.48712137E-02,  0.12411650E-01,  0.17651895E+00, -0.26872585E+00, -0.86653414E+00,  0.54458452E-01
     1985., -0.12455016E-02,  0.16620063E-01,  0.17651895E+00, -0.26786981E+00, -0.86186781E+00,  0.82910603E-01
     1986., -0.99640125E-03,  0.13296051E-01,  0.17651895E+00, -0.26665423E+00, -0.86462589E+00,  0.64744846E-01
     1987.,  0.37086822E-02,  0.16248799E-01,  0.17651895E+00, -0.26338382E+00, -0.86120827E+00,  0.88716131E-01
     1988.,  0.29669458E-02,  0.12999039E-01,  0.17651895E+00, -0.26386761E+00, -0.86421619E+00,  0.69278375E-01
     1989.,  0.83333333E-02,  0.14433757E-01,  0.17651895E+00, -0.25930579E+00, -0.86319037E+00,  0.86638840E-01
     1990.,  0.66666667E-02,  0.11547005E-01,  0.17651895E+00, -0.26133441E+00, -0.86544744E+00,  0.67656216E-01
     1991.,  0.12217531E-01,  0.11336212E-01,  0.17651895E+00, -0.25705293E+00, -0.86712531E+00,  0.76863310E-01
     1992.,  0.97740250E-02,  0.90689698E-02,  0.17651895E+00, -0.25993497E+00, -0.86789175E+00,  0.60022507E-01
     1993.,  0.15016148E-01,  0.72313957E-02,  0.17651895E+00, -0.25740815E+00, -0.87164559E+00,  0.60258141E-01
     1994.,  0.12012918E-01,  0.57851165E-02,  0.17651895E+00, -0.26015563E+00, -0.87069968E+00,  0.47055537E-01
     1995.,  0.16480514E-01,  0.24840378E-02,  0.17651895E+00, -0.26024800E+00, -0.87518031E+00,  0.38298768E-01
     1996.,  0.13184411E-01,  0.19872302E-02,  0.17651895E+00, -0.26191970E+00, -0.87289539E+00,  0.29907473E-01
     1997.,  0.16480514E-01, -0.24840378E-02,  0.17651895E+00, -0.26458559E+00, -0.87650110E+00,  0.12936377E-01
     1998.,  0.13184411E-01, -0.19872302E-02,  0.17651895E+00, -0.26461413E+00, -0.87371584E+00,  0.10101995E-01
     1999.,  0.15016148E-01, -0.72313957E-02,  0.17651895E+00, -0.26891349E+00, -0.87514894E+00, -0.13575462E-01
     2000.,  0.12012918E-01, -0.57851165E-02,  0.17651895E+00, -0.26730255E+00, -0.87287590E+00, -0.10601085E-01
     2001.,  0.12217531E-01, -0.11336212E-01,  0.17651895E+00, -0.27172768E+00, -0.87159373E+00, -0.38881061E-01
     2002.,  0.97740250E-02, -0.90689698E-02,  0.17651895E+00, -0.26905068E+00, -0.87066746E+00, -0.30362210E-01
     2003.,  0.83333333E-02, -0.14433757E-01,  0.17651895E+00, -0.27205016E+00, -0.86707099E+00, -0.60731910E-01
     2004.,  0.66666667E-02, -0.11547005E-01,  0.17651895E+00, -0.26925100E+00, -0.86785801E+00, -0.47425524E-01
     2005.,  0.37086822E-02, -0.16248799E-01,  0.17651895E+00, -0.26976885E+00, -0.86315248E+00, -0.77186464E-01
     2006.,  0.29669458E-02, -0.12999039E-01,  0.17651895E+00, -0.26783389E+00, -0.86542390E+00, -0.60274873E-01
     2007., -0.12455016E-02, -0.16620063E-01,  0.17651895E+00, -0.26567658E+00, -0.86119996E+00, -0.86782660E-01
     2008., -0.99640125E-03, -0.13296051E-01,  0.17651895E+00, -0.26529184E+00, -0.86421103E+00, -0.67768532E-01
     2009., -0.60890171E-02, -0.15514562E-01,  0.17651895E+00, -0.26119548E+00, -0.86189196E+00, -0.88667834E-01
     2010., -0.48712137E-02, -0.12411650E-01,  0.17651895E+00, -0.26250826E+00, -0.86464088E+00, -0.69240659E-01
     2011., -0.10391497E-01, -0.13030525E-01,  0.17651895E+00, -0.25788285E+00, -0.86498801E+00, -0.82674482E-01
     2012., -0.83131974E-02, -0.10424420E-01,  0.17651895E+00, -0.26045051E+00, -0.86656409E+00, -0.64560451E-01
     2013., -0.13770646E-01, -0.93886676E-02,  0.17651895E+00, -0.25688991E+00, -0.86941217E+00, -0.69335142E-01
     2014., -0.11016517E-01, -0.75109341E-02,  0.17651895E+00, -0.25983371E+00, -0.86931230E+00, -0.54143765E-01
     2015., -0.15926213E-01, -0.49125862E-02,  0.17651895E+00, -0.25856171E+00, -0.87362691E+00, -0.49835072E-01
     2016., -0.12740971E-01, -0.39300690E-02,  0.17651895E+00, -0.26087220E+00, -0.87193043E+00, -0.38916169E-01
     2017., -0.16666667E-01,  0.20410780E-17,  0.16652831E+00, -0.24178375E+00, -0.80759741E+00, -0.35410099E-01
     2018., -0.13333333E-01,  0.16328624E-17,  0.16652831E+00, -0.24260310E+00, -0.80514338E+00, -0.27651980E-01
     2019., -0.15926213E-01,  0.49125862E-02,  0.16652831E+00, -0.24596859E+00, -0.80758226E+00,  0.44128815E-03
     2020., -0.12740971E-01,  0.39300690E-02,  0.16652831E+00, -0.24520273E+00, -0.80513397E+00,  0.34461519E-03
     2021., -0.13770646E-01,  0.93886676E-02,  0.16652831E+00, -0.24941773E+00, -0.80521234E+00,  0.36253457E-01
     2022., -0.11016517E-01,  0.75109341E-02,  0.16652831E+00, -0.24734536E+00, -0.80366177E+00,  0.28310583E-01
     2023., -0.10391497E-01,  0.13030525E-01,  0.16652831E+00, -0.25093252E+00, -0.80131124E+00,  0.68844348E-01
     2024., -0.83131974E-02,  0.10424420E-01,  0.16652831E+00, -0.24828635E+00, -0.80123839E+00,  0.53761033E-01
     2025., -0.60890171E-02,  0.15514562E-01,  0.16652831E+00, -0.24998653E+00, -0.79723469E+00,  0.95318125E-01
     2026., -0.48712137E-02,  0.12411650E-01,  0.16652831E+00, -0.24769869E+00, -0.79870602E+00,  0.74434585E-01
     2027., -0.12455016E-02,  0.16620063E-01,  0.16652831E+00, -0.24690851E+00, -0.79439940E+00,  0.11332246E+00
     2028., -0.99640125E-03,  0.13296051E-01,  0.16652831E+00, -0.24578661E+00, -0.79694473E+00,  0.88494294E-01
     2029.,  0.37086822E-02,  0.16248799E-01,  0.16652831E+00, -0.24276814E+00, -0.79379067E+00,  0.12125760E+00
     2030.,  0.29669458E-02,  0.12999039E-01,  0.16652831E+00, -0.24321460E+00, -0.79656659E+00,  0.94690896E-01
     2031.,  0.83333333E-02,  0.14433757E-01,  0.16652831E+00, -0.23900430E+00, -0.79562006E+00,  0.11841847E+00
     2032.,  0.66666667E-02,  0.11547005E-01,  0.16652831E+00, -0.24087648E+00, -0.79770301E+00,  0.92473795E-01
     2033.,  0.12217531E-01,  0.11336212E-01,  0.16652831E+00, -0.23692500E+00, -0.79925184E+00,  0.10505734E+00
     2034.,  0.97740250E-02,  0.90689698E-02,  0.16652831E+00, -0.23958482E+00, -0.79995909E+00,  0.82039994E-01
     2035.,  0.15016148E-01,  0.72313957E-02,  0.16652831E+00, -0.23725285E+00, -0.80342386E+00,  0.82361406E-01
     2036.,  0.12012918E-01,  0.57851165E-02,  0.16652831E+00, -0.23978848E+00, -0.80255077E+00,  0.64316581E-01
     2037.,  0.16480514E-01,  0.24840378E-02,  0.16652831E+00, -0.23987391E+00, -0.80668625E+00,  0.52347298E-01
     2038.,  0.13184411E-01,  0.19872302E-02,  0.16652831E+00, -0.24141669E+00, -0.80457738E+00,  0.40878356E-01
     2039.,  0.16480514E-01, -0.24840378E-02,  0.16652831E+00, -0.24387731E+00, -0.80790528E+00,  0.17681894E-01
     2040.,  0.13184411E-01, -0.19872302E-02,  0.16652831E+00, -0.24390362E+00, -0.80533465E+00,  0.13807903E-01
     2041.,  0.15016148E-01, -0.72313957E-02,  0.16652831E+00, -0.24787178E+00, -0.80665730E+00, -0.18554614E-01
     2042.,  0.12012918E-01, -0.57851165E-02,  0.16652831E+00, -0.24638500E+00, -0.80455939E+00, -0.14489436E-01
     2043.,  0.12217531E-01, -0.11336212E-01,  0.16652831E+00, -0.25046916E+00, -0.80337600E+00, -0.53142461E-01
     2044.,  0.97740250E-02, -0.90689698E-02,  0.16652831E+00, -0.24799851E+00, -0.80252104E+00, -0.41499322E-01
     2045.,  0.83333333E-02, -0.14433757E-01,  0.16652831E+00, -0.25076679E+00, -0.79920171E+00, -0.83008373E-01
     2046.,  0.66666667E-02, -0.11547005E-01,  0.16652831E+00, -0.24818340E+00, -0.79992795E+00, -0.64821816E-01
     2047.,  0.37086822E-02, -0.16248799E-01,  0.16652831E+00, -0.24866125E+00, -0.79558510E+00, -0.10549863E+00
     2048.,  0.29669458E-02, -0.12999039E-01,  0.16652831E+00, -0.24687543E+00, -0.79768129E+00, -0.82384609E-01
     2049., -0.12455016E-02, -0.16620063E-01,  0.16652831E+00, -0.24488425E+00, -0.79378300E+00, -0.11861486E+00
     2050., -0.99640125E-03, -0.13296051E-01,  0.16652831E+00, -0.24452915E+00, -0.79656182E+00, -0.92627164E-01
     2051., -0.60890171E-02, -0.15514562E-01,  0.16652831E+00, -0.24074840E+00, -0.79442168E+00, -0.12119165E+00
     2052., -0.48712137E-02, -0.12411650E-01,  0.16652831E+00, -0.24195994E+00, -0.79695857E+00, -0.94639389E-01
     2053., -0.10391497E-01, -0.13030525E-01,  0.16652831E+00, -0.23769099E+00, -0.79727920E+00, -0.11300002E+00
     2054., -0.83131974E-02, -0.10424420E-01,  0.16652831E+00, -0.24006066E+00, -0.79873367E+00, -0.88242489E-01
     2055., -0.13770646E-01, -0.93886676E-02,  0.16652831E+00, -0.23677455E+00, -0.80136250E+00, -0.94767851E-01
     2056., -0.11016517E-01, -0.75109341E-02,  0.16652831E+00, -0.23949136E+00, -0.80127023E+00, -0.74004859E-01
     2057., -0.15926213E-01, -0.49125862E-02,  0.16652831E+00, -0.23831754E+00, -0.80525253E+00, -0.68115143E-01
     2058., -0.12740971E-01, -0.39300690E-02,  0.16652831E+00, -0.24044988E+00, -0.80368673E+00, -0.53191575E-01
     2059., -0.16666667E-01,  0.20410780E-17,  0.15690508E+00, -0.21625836E+00, -0.72236185E+00, -0.43740406E-01
     2060., -0.13333333E-01,  0.16328624E-17,  0.15690508E+00, -0.21699285E+00, -0.72016180E+00, -0.34157670E-01
     2061., -0.15926213E-01,  0.49125862E-02,  0.15690508E+00, -0.22001015E+00, -0.72234827E+00,  0.54483016E-03
     2062., -0.12740971E-01,  0.39300690E-02,  0.15690508E+00, -0.21932356E+00, -0.72015337E+00,  0.42547755E-03
     2063., -0.13770646E-01,  0.93886676E-02,  0.15690508E+00, -0.22310237E+00, -0.72022359E+00,  0.44781647E-01
     2064., -0.11016517E-01,  0.75109341E-02,  0.15690508E+00, -0.22124453E+00, -0.71883346E+00,  0.34970812E-01
     2065., -0.10391497E-01,  0.13030525E-01,  0.15690508E+00, -0.22446041E+00, -0.71672618E+00,  0.85039421E-01
     2066., -0.83131974E-02,  0.10424420E-01,  0.15690508E+00, -0.22208818E+00, -0.71666077E+00,  0.66408839E-01
     2067., -0.60890171E-02,  0.15514562E-01,  0.15690508E+00, -0.22361230E+00, -0.71307148E+00,  0.11774108E+00
     2068., -0.48712137E-02,  0.12411650E-01,  0.15690508E+00, -0.22156131E+00, -0.71439038E+00,  0.91946156E-01
     2069., -0.12455016E-02,  0.16620063E-01,  0.15690508E+00, -0.22085280E+00, -0.71052959E+00,  0.13998092E+00
     2070., -0.99640125E-03,  0.13296051E-01,  0.15690508E+00, -0.21984704E+00, -0.71281129E+00,  0.10931365E+00
     2071.,  0.37086822E-02,  0.16248799E-01,  0.15690508E+00, -0.21714089E+00, -0.70998385E+00,  0.14978284E+00
     2072.,  0.29669458E-02,  0.12999039E-01,  0.15690508E+00, -0.21754109E+00, -0.71247226E+00,  0.11696814E+00
     2073.,  0.83333333E-02,  0.14433757E-01,  0.15690508E+00, -0.21376653E+00, -0.71162394E+00,  0.14627589E+00
     2074.,  0.66666667E-02,  0.11547005E-01,  0.15690508E+00, -0.21544485E+00, -0.71349113E+00,  0.11422950E+00
     2075.,  0.12217531E-01,  0.11336212E-01,  0.15690508E+00, -0.21190241E+00, -0.71487989E+00,  0.12977170E+00
     2076.,  0.97740250E-02,  0.90689698E-02,  0.15690508E+00, -0.21428681E+00, -0.71551382E+00,  0.10134107E+00
     2077.,  0.15016148E-01,  0.72313957E-02,  0.15690508E+00, -0.21219633E+00, -0.71862018E+00,  0.10173672E+00
     2078.,  0.12012918E-01,  0.57851165E-02,  0.15690508E+00, -0.21446940E+00, -0.71783739E+00,  0.79448049E-01
     2079.,  0.16480514E-01,  0.24840378E-02,  0.15690508E+00, -0.21454616E+00, -0.72154499E+00,  0.64661983E-01
     2080.,  0.13184411E-01,  0.19872302E-02,  0.15690508E+00, -0.21592918E+00, -0.71965436E+00,  0.50495712E-01
     2081.,  0.16480514E-01, -0.24840378E-02,  0.15690508E+00, -0.21813528E+00, -0.72263787E+00,  0.21841737E-01
     2082.,  0.13184411E-01, -0.19872302E-02,  0.15690508E+00, -0.21815884E+00, -0.72033329E+00,  0.17056602E-01
     2083.,  0.15016148E-01, -0.72313957E-02,  0.15690508E+00, -0.22171640E+00, -0.72151903E+00, -0.22919232E-01
     2084.,  0.12012918E-01, -0.57851165E-02,  0.15690508E+00, -0.22038353E+00, -0.71963823E+00, -0.17898054E-01
     2085.,  0.12217531E-01, -0.11336212E-01,  0.15690508E+00, -0.22404500E+00, -0.71857728E+00, -0.65643723E-01
     2086.,  0.97740250E-02, -0.90689698E-02,  0.15690508E+00, -0.22183012E+00, -0.71781074E+00, -0.51262385E-01
     2087.,  0.83333333E-02, -0.14433757E-01,  0.15690508E+00, -0.22431183E+00, -0.71483495E+00, -0.10253549E+00
     2088.,  0.66666667E-02, -0.11547005E-01,  0.15690508E+00, -0.22199589E+00, -0.71548590E+00, -0.80071835E-01
     2089.,  0.37086822E-02, -0.16248799E-01,  0.15690508E+00, -0.22242418E+00, -0.71159259E+00, -0.13031653E+00
     2090.,  0.29669458E-02, -0.12999039E-01,  0.15690508E+00, -0.22082322E+00, -0.71347165E+00, -0.10176655E+00
     2091., -0.12455016E-02, -0.16620063E-01,  0.15690508E+00, -0.21903803E+00, -0.70997697E+00, -0.14651837E+00
     2092., -0.99640125E-03, -0.13296051E-01,  0.15690508E+00, -0.21871966E+00, -0.71246799E+00, -0.11441886E+00
     2093., -0.60890171E-02, -0.15514562E-01,  0.15690508E+00, -0.21533016E+00, -0.71054956E+00, -0.14970140E+00
     2094., -0.48712137E-02, -0.12411650E-01,  0.15690508E+00, -0.21641623E+00, -0.71282369E+00, -0.11690455E+00
     2095., -0.10391497E-01, -0.13030525E-01,  0.15690508E+00, -0.21258913E+00, -0.71311138E+00, -0.13958282E+00
     2096., -0.83131974E-02, -0.10424420E-01,  0.15690508E+00, -0.21471342E+00, -0.71441516E+00, -0.10900276E+00
     2097., -0.13770646E-01, -0.93886676E-02,  0.15690508E+00, -0.21176752E+00, -0.71677213E+00, -0.11706169E+00
     2098., -0.11016517E-01, -0.75109341E-02,  0.15690508E+00, -0.21420302E+00, -0.71668932E+00, -0.91415597E-01
     2099., -0.15926213E-01, -0.49125862E-02,  0.15690508E+00, -0.21315084E+00, -0.72025961E+00, -0.84139115E-01
     2100., -0.12740971E-01, -0.39300690E-02,  0.15690508E+00, -0.21506237E+00, -0.71885584E+00, -0.65705760E-01
     2101., -0.16666667E-01,  0.20410780E-17,  0.14763573E+00, -0.18689036E+00, -0.62429862E+00, -0.50822176E-01
     2102., -0.13333333E-01,  0.16328624E-17,  0.14763573E+00, -0.18752744E+00, -0.62239019E+00, -0.39688624E-01
     2103., -0.15926213E-01,  0.49125862E-02,  0.14763573E+00, -0.19014492E+00, -0.62428684E+00,  0.63283948E-03
     2104., -0.12740971E-01,  0.39300690E-02,  0.14763573E+00, -0.18954934E+00, -0.62238287E+00,  0.49421241E-03
     2105., -0.13770646E-01,  0.93886676E-02,  0.14763573E+00, -0.19282732E+00, -0.62244375E+00,  0.52031614E-01
     2106., -0.11016517E-01,  0.75109341E-02,  0.14763573E+00, -0.19121579E+00, -0.62123785E+00,  0.40633126E-01
     2107., -0.10391497E-01,  0.13030525E-01,  0.14763573E+00, -0.19400538E+00, -0.61940986E+00,  0.98807154E-01
     2108., -0.83131974E-02,  0.10424420E-01,  0.14763573E+00, -0.19194766E+00, -0.61935304E+00,  0.77161612E-01
     2109., -0.60890171E-02,  0.15514562E-01,  0.14763573E+00, -0.19326968E+00, -0.61623953E+00,  0.13680326E+00
     2110., -0.48712137E-02,  0.12411650E-01,  0.14763573E+00, -0.19149060E+00, -0.61738346E+00,  0.10683396E+00
     2111., -0.12455016E-02,  0.16620063E-01,  0.14763573E+00, -0.19087590E+00, -0.61403452E+00,  0.16264378E+00
     2112., -0.99640125E-03,  0.13296051E-01,  0.14763573E+00, -0.19000346E+00, -0.61601359E+00,  0.12701363E+00
     2113.,  0.37086822E-02,  0.16248799E-01,  0.14763573E+00, -0.18765593E+00, -0.61356111E+00,  0.17403269E+00
     2114.,  0.29669458E-02,  0.12999039E-01,  0.14763573E+00, -0.18800305E+00, -0.61571949E+00,  0.13590759E+00
     2115.,  0.83333333E-02,  0.14433757E-01,  0.14763573E+00, -0.18472878E+00, -0.61498382E+00,  0.16995803E+00
     2116.,  0.66666667E-02,  0.11547005E-01,  0.14763573E+00, -0.18618455E+00, -0.61660336E+00,  0.13272555E+00
     2117.,  0.12217531E-01,  0.11336212E-01,  0.14763573E+00, -0.18311171E+00, -0.61780826E+00,  0.15078186E+00
     2118.,  0.97740250E-02,  0.90689698E-02,  0.14763573E+00, -0.18517994E+00, -0.61835805E+00,  0.11775028E+00
     2119.,  0.15016148E-01,  0.72313957E-02,  0.14763573E+00, -0.18336668E+00, -0.62105285E+00,  0.11820806E+00
     2120.,  0.12012918E-01,  0.57851165E-02,  0.14763573E+00, -0.18533834E+00, -0.62037376E+00,  0.92312374E-01
     2121.,  0.16480514E-01,  0.24840378E-02,  0.14763573E+00, -0.18540509E+00, -0.62359002E+00,  0.75130948E-01
     2122.,  0.13184411E-01,  0.19872302E-02,  0.14763573E+00, -0.18660471E+00, -0.62194999E+00,  0.58672107E-01
     2123.,  0.16480514E-01, -0.24840378E-02,  0.14763573E+00, -0.18851854E+00, -0.62453807E+00,  0.25378115E-01
     2124.,  0.13184411E-01, -0.19872302E-02,  0.14763573E+00, -0.18853895E+00, -0.62253896E+00,  0.19818558E-01
     2125.,  0.15016148E-01, -0.72313957E-02,  0.14763573E+00, -0.19162505E+00, -0.62356751E+00, -0.26629662E-01
     2126.,  0.12012918E-01, -0.57851165E-02,  0.14763573E+00, -0.19046888E+00, -0.62193600E+00, -0.20795947E-01
     2127.,  0.12217531E-01, -0.11336212E-01,  0.14763573E+00, -0.19364504E+00, -0.62101564E+00, -0.76271274E-01
     2128.,  0.97740250E-02, -0.90689698E-02,  0.14763573E+00, -0.19172380E+00, -0.62035064E+00, -0.59562637E-01
     2129.,  0.83333333E-02, -0.14433757E-01,  0.14763573E+00, -0.19387651E+00, -0.61776928E+00, -0.11913586E+00
     2130.,  0.66666667E-02, -0.11547005E-01,  0.14763573E+00, -0.19186761E+00, -0.61833383E+00, -0.93036933E-01
     2131.,  0.37086822E-02, -0.16248799E-01,  0.14763573E+00, -0.19223903E+00, -0.61495663E+00, -0.15141470E+00
     2132.,  0.29669458E-02, -0.12999039E-01,  0.14763573E+00, -0.19085032E+00, -0.61658646E+00, -0.11824449E+00
     2133., -0.12455016E-02, -0.16620063E-01,  0.14763573E+00, -0.18930166E+00, -0.61355514E+00, -0.17023967E+00
     2134., -0.99640125E-03, -0.13296051E-01,  0.14763573E+00, -0.18902547E+00, -0.61571578E+00, -0.13294550E+00
     2135., -0.60890171E-02, -0.15514562E-01,  0.14763573E+00, -0.18608520E+00, -0.61405184E+00, -0.17393810E+00
     2136., -0.48712137E-02, -0.12411650E-01,  0.14763573E+00, -0.18702723E+00, -0.61602435E+00, -0.13583372E+00
     2137., -0.10391497E-01, -0.13030525E-01,  0.14763573E+00, -0.18370744E+00, -0.61627413E+00, -0.16218137E+00
     2138., -0.83131974E-02, -0.10424420E-01,  0.14763573E+00, -0.18555004E+00, -0.61740495E+00, -0.12665252E+00
     2139., -0.13770646E-01, -0.93886676E-02,  0.14763573E+00, -0.18299471E+00, -0.61944971E+00, -0.13601412E+00
     2140., -0.11016517E-01, -0.75109341E-02,  0.14763573E+00, -0.18510726E+00, -0.61937779E+00, -0.10621769E+00
     2141., -0.15926213E-01, -0.49125862E-02,  0.14763573E+00, -0.18419469E+00, -0.62247499E+00, -0.97761419E-01
     2142., -0.12740971E-01, -0.39300690E-02,  0.14763573E+00, -0.18585275E+00, -0.62125726E+00, -0.76344952E-01
     2143., -0.16666667E-01,  0.20410780E-17,  0.13870725E+00, -0.15475338E+00, -0.51699278E+00, -0.56629199E-01
     2144., -0.13333333E-01,  0.16328624E-17,  0.13870725E+00, -0.15528407E+00, -0.51540291E+00, -0.44224318E-01
     2145., -0.15926213E-01,  0.49125862E-02,  0.13870725E+00, -0.15746476E+00, -0.51698297E+00,  0.70499071E-03
     2146., -0.12740971E-01,  0.39300690E-02,  0.13870725E+00, -0.15696860E+00, -0.51539682E+00,  0.55056684E-03
     2147., -0.13770646E-01,  0.93886676E-02,  0.13870725E+00, -0.15969947E+00, -0.51544749E+00,  0.57976526E-01
     2148., -0.11016517E-01,  0.75109341E-02,  0.13870725E+00, -0.15835698E+00, -0.51444285E+00,  0.45276521E-01
     2149., -0.10391497E-01,  0.13030525E-01,  0.13870725E+00, -0.16068091E+00, -0.51291996E+00,  0.11009660E+00
     2150., -0.83131974E-02,  0.10424420E-01,  0.13870725E+00, -0.15896673E+00, -0.51287254E+00,  0.85979461E-01
     2151., -0.60890171E-02,  0.15514562E-01,  0.13870725E+00, -0.16006800E+00, -0.51027875E+00,  0.15243411E+00
     2152., -0.48712137E-02,  0.12411650E-01,  0.13870725E+00, -0.15858594E+00, -0.51123160E+00,  0.11904276E+00
     2153., -0.12455016E-02,  0.16620063E-01,  0.13870725E+00, -0.15807374E+00, -0.50844174E+00,  0.18122718E+00
     2154., -0.99640125E-03,  0.13296051E-01,  0.13870725E+00, -0.15734694E+00, -0.51009031E+00,  0.14152858E+00
     2155.,  0.37086822E-02,  0.16248799E-01,  0.13870725E+00, -0.15539118E+00, -0.50804734E+00,  0.19391742E+00
     2156.,  0.29669458E-02,  0.12999039E-01,  0.13870725E+00, -0.15568031E+00, -0.50984528E+00,  0.15143896E+00
     2157.,  0.83333333E-02,  0.14433757E-01,  0.13870725E+00, -0.15295257E+00, -0.50923261E+00,  0.18937724E+00
     2158.,  0.66666667E-02,  0.11547005E-01,  0.13870725E+00, -0.15416525E+00, -0.51058167E+00,  0.14789332E+00
     2159.,  0.12217531E-01,  0.11336212E-01,  0.13870725E+00, -0.15160538E+00, -0.51158566E+00,  0.16801007E+00
     2160.,  0.97740250E-02,  0.90689698E-02,  0.13870725E+00, -0.15332827E+00, -0.51204357E+00,  0.13120672E+00
     2161.,  0.15016148E-01,  0.72313957E-02,  0.13870725E+00, -0.15181780E+00, -0.51428873E+00,  0.13171446E+00
     2162.,  0.12012918E-01,  0.57851165E-02,  0.13870725E+00, -0.15346024E+00, -0.51372295E+00,  0.10286183E+00
     2163.,  0.16480514E-01,  0.24840378E-02,  0.13870725E+00, -0.15351599E+00, -0.51640246E+00,  0.83715451E-01
     2164.,  0.13184411E-01,  0.19872302E-02,  0.13870725E+00, -0.15451530E+00, -0.51503617E+00,  0.65377208E-01
     2165.,  0.16480514E-01, -0.24840378E-02,  0.13870725E+00, -0.15610982E+00, -0.51719228E+00,  0.28277940E-01
     2166.,  0.13184411E-01, -0.19872302E-02,  0.13870725E+00, -0.15612680E+00, -0.51552687E+00,  0.22083525E-01
     2167.,  0.15016148E-01, -0.72313957E-02,  0.13870725E+00, -0.15869786E+00, -0.51638371E+00, -0.29672176E-01
     2168.,  0.12012918E-01, -0.57851165E-02,  0.13870725E+00, -0.15773470E+00, -0.51502452E+00, -0.23172364E-01
     2169.,  0.12217531E-01, -0.11336212E-01,  0.13870725E+00, -0.16038072E+00, -0.51425774E+00, -0.84985785E-01
     2170.,  0.97740250E-02, -0.90689698E-02,  0.13870725E+00, -0.15878023E+00, -0.51370369E+00, -0.66369283E-01
     2171.,  0.83333333E-02, -0.14433757E-01,  0.13870725E+00, -0.16057357E+00, -0.51155320E+00, -0.13274804E+00
     2172.,  0.66666667E-02, -0.11547005E-01,  0.13870725E+00, -0.15890005E+00, -0.51202340E+00, -0.10366901E+00
     2173.,  0.37086822E-02, -0.16248799E-01,  0.13870725E+00, -0.15920938E+00, -0.50920997E+00, -0.16871506E+00
     2174.,  0.29669458E-02, -0.12999039E-01,  0.13870725E+00, -0.15805250E+00, -0.51056760E+00, -0.13175729E+00
     2175., -0.12455016E-02, -0.16620063E-01,  0.13870725E+00, -0.15676225E+00, -0.50804237E+00, -0.18969099E+00
     2176., -0.99640125E-03, -0.13296051E-01,  0.13870725E+00, -0.15653215E+00, -0.50984219E+00, -0.14813835E+00
     2177., -0.60890171E-02, -0.15514562E-01,  0.13870725E+00, -0.15408261E+00, -0.50845617E+00, -0.19381205E+00
     2178., -0.48712137E-02, -0.12411650E-01,  0.13870725E+00, -0.15486733E+00, -0.51009927E+00, -0.15135667E+00
     2179., -0.10391497E-01, -0.13030525E-01,  0.13870725E+00, -0.15210169E+00, -0.51030756E+00, -0.18071206E+00
     2180., -0.83131974E-02, -0.10424420E-01,  0.13870725E+00, -0.15363663E+00, -0.51124951E+00, -0.14112629E+00
     2181., -0.13770646E-01, -0.93886676E-02,  0.13870725E+00, -0.15150792E+00, -0.51295315E+00, -0.15155501E+00
     2182., -0.11016517E-01, -0.75109341E-02,  0.13870725E+00, -0.15326772E+00, -0.51289316E+00, -0.11835622E+00
     2183., -0.15926213E-01, -0.49125862E-02,  0.13870725E+00, -0.15250762E+00, -0.51547351E+00, -0.10893164E+00
     2184., -0.12740971E-01, -0.39300690E-02,  0.13870725E+00, -0.15388882E+00, -0.51445902E+00, -0.85069679E-01
     2185., -0.16666667E-01,  0.20410780E-17,  0.13010711E+00, -0.12082244E+00, -0.40370004E+00, -0.61175431E-01
     2186., -0.13333333E-01,  0.16328624E-17,  0.13010711E+00, -0.12124099E+00, -0.40244598E+00, -0.47775594E-01
     2187., -0.15926213E-01,  0.49125862E-02,  0.13010711E+00, -0.12296121E+00, -0.40369231E+00,  0.76145808E-03
     2188., -0.12740971E-01,  0.39300690E-02,  0.13010711E+00, -0.12256984E+00, -0.40244117E+00,  0.59467542E-03
     2189., -0.13770646E-01,  0.93886676E-02,  0.13010711E+00, -0.12472398E+00, -0.40248110E+00,  0.62630676E-01
     2190., -0.11016517E-01,  0.75109341E-02,  0.13010711E+00, -0.12366508E+00, -0.40168863E+00,  0.48912094E-01
     2191., -0.10391497E-01,  0.13030525E-01,  0.13010711E+00, -0.12549815E+00, -0.40048735E+00,  0.11893489E+00
     2192., -0.83131974E-02,  0.10424420E-01,  0.13010711E+00, -0.12414609E+00, -0.40044988E+00,  0.92883462E-01
     2193., -0.60890171E-02,  0.15514562E-01,  0.13010711E+00, -0.12501468E+00, -0.39840392E+00,  0.16467122E+00
     2194., -0.48712137E-02,  0.12411650E-01,  0.13010711E+00, -0.12384570E+00, -0.39915541E+00,  0.12860174E+00
     2195., -0.12455016E-02,  0.16620063E-01,  0.13010711E+00, -0.12344158E+00, -0.39695487E+00,  0.19577579E+00
     2196., -0.99640125E-03,  0.13296051E-01,  0.13010711E+00, -0.12286830E+00, -0.39825510E+00,  0.15289318E+00
     2197.,  0.37086822E-02,  0.16248799E-01,  0.13010711E+00, -0.12132554E+00, -0.39664376E+00,  0.20948482E+00
     2198.,  0.29669458E-02,  0.12999039E-01,  0.13010711E+00, -0.12155357E+00, -0.39806180E+00,  0.16359939E+00
     2199.,  0.83333333E-02,  0.14433757E-01,  0.13010711E+00, -0.11940193E+00, -0.39757872E+00,  0.20458020E+00
     2200.,  0.66666667E-02,  0.11547005E-01,  0.13010711E+00, -0.12035840E+00, -0.39864271E+00,  0.15976907E+00
     2201.,  0.12217531E-01,  0.11336212E-01,  0.13010711E+00, -0.11833925E+00, -0.39943484E+00,  0.18149773E+00
     2202.,  0.97740250E-02,  0.90689698E-02,  0.13010711E+00, -0.11969814E+00, -0.39979594E+00,  0.14174257E+00
     2203.,  0.15016148E-01,  0.72313957E-02,  0.13010711E+00, -0.11850680E+00, -0.40156706E+00,  0.14228841E+00
     2204.,  0.12012918E-01,  0.57851165E-02,  0.13010711E+00, -0.11980225E+00, -0.40112073E+00,  0.11112163E+00
     2205.,  0.16480514E-01,  0.24840378E-02,  0.13010711E+00, -0.11984636E+00, -0.40323440E+00,  0.90436121E-01
     2206.,  0.13184411E-01,  0.19872302E-02,  0.13010711E+00, -0.12063454E+00, -0.40215668E+00,  0.70627040E-01
     2207.,  0.16480514E-01, -0.24840378E-02,  0.13010711E+00, -0.12189241E+00, -0.40385743E+00,  0.30548179E-01
     2208.,  0.13184411E-01, -0.19872302E-02,  0.13010711E+00, -0.12190579E+00, -0.40254378E+00,  0.23856917E-01
     2209.,  0.15016148E-01, -0.72313957E-02,  0.13010711E+00, -0.12393390E+00, -0.40321962E+00, -0.32054089E-01
     2210.,  0.12012918E-01, -0.57851165E-02,  0.13010711E+00, -0.12317420E+00, -0.40214749E+00, -0.25032986E-01
     2211.,  0.12217531E-01, -0.11336212E-01,  0.13010711E+00, -0.12526137E+00, -0.40154262E+00, -0.91808205E-01
     2212.,  0.97740250E-02, -0.90689698E-02,  0.13010711E+00, -0.12399898E+00, -0.40110555E+00, -0.71698594E-01
     2213.,  0.83333333E-02, -0.14433757E-01,  0.13010711E+00, -0.12541349E+00, -0.39940923E+00, -0.14340477E+00
     2214.,  0.66666667E-02, -0.11547005E-01,  0.13010711E+00, -0.12409350E+00, -0.39978004E+00, -0.11199348E+00
     2215.,  0.37086822E-02, -0.16248799E-01,  0.13010711E+00, -0.12433741E+00, -0.39756086E+00, -0.18225920E+00
     2216.,  0.29669458E-02, -0.12999039E-01,  0.13010711E+00, -0.12342491E+00, -0.39863161E+00, -0.14233725E+00
     2217., -0.12455016E-02, -0.16620063E-01,  0.13010711E+00, -0.12240708E+00, -0.39663984E+00, -0.20491908E+00
     2218., -0.99640125E-03, -0.13296051E-01,  0.13010711E+00, -0.12222556E+00, -0.39805936E+00, -0.16003373E+00
     2219., -0.60890171E-02, -0.15514562E-01,  0.13010711E+00, -0.12029334E+00, -0.39696624E+00, -0.20937101E+00
     2220., -0.48712137E-02, -0.12411650E-01,  0.13010711E+00, -0.12091226E+00, -0.39826216E+00, -0.16351050E+00
     2221., -0.10391497E-01, -0.13030525E-01,  0.13010711E+00, -0.11873076E+00, -0.39842665E+00, -0.19521941E+00
     2222., -0.83131974E-02, -0.10424420E-01,  0.13010711E+00, -0.11994140E+00, -0.39916953E+00, -0.15245866E+00
     2223., -0.13770646E-01, -0.93886676E-02,  0.13010711E+00, -0.11826238E+00, -0.40051352E+00, -0.16372171E+00
     2224., -0.11016517E-01, -0.75109341E-02,  0.13010711E+00, -0.11965039E+00, -0.40046614E+00, -0.12786019E+00
     2225., -0.15926213E-01, -0.49125862E-02,  0.13010711E+00, -0.11905095E+00, -0.40250162E+00, -0.11767662E+00
     2226., -0.12740971E-01, -0.39300690E-02,  0.13010711E+00, -0.12014034E+00, -0.40170138E+00, -0.91900793E-01
     2227., -0.16666667E-01,  0.20410780E-17,  0.12182324E+00, -0.85960738E-01, -0.28730266E+00, -0.64506214E-01
     2228., -0.13333333E-01,  0.16328624E-17,  0.12182324E+00, -0.86264280E-01, -0.28639309E+00, -0.50377800E-01
     2229., -0.15926213E-01,  0.49125862E-02,  0.12182324E+00, -0.87512072E-01, -0.28729705E+00,  0.80280744E-03
     2230., -0.12740971E-01,  0.39300690E-02,  0.12182324E+00, -0.87228221E-01, -0.28638961E+00,  0.62698172E-03
     2231., -0.13770646E-01,  0.93886676E-02,  0.12182324E+00, -0.88790684E-01, -0.28641852E+00,  0.66040482E-01
     2232., -0.11016517E-01,  0.75109341E-02,  0.12182324E+00, -0.88022702E-01, -0.28584372E+00,  0.51576041E-01
     2233., -0.10391497E-01,  0.13030525E-01,  0.12182324E+00, -0.89352225E-01, -0.28497237E+00,  0.12541017E+00
     2234., -0.83131974E-02,  0.10424420E-01,  0.12182324E+00, -0.88371623E-01, -0.28494514E+00,  0.97942347E-01
     2235., -0.60890171E-02,  0.15514562E-01,  0.12182324E+00, -0.89001544E-01, -0.28346118E+00,  0.17363664E+00
     2236., -0.48712137E-02,  0.12411650E-01,  0.12182324E+00, -0.88153721E-01, -0.28400614E+00,  0.13560606E+00
     2237., -0.12455016E-02,  0.16620063E-01,  0.12182324E+00, -0.87860510E-01, -0.28241012E+00,  0.20643471E+00
     2238., -0.99640125E-03,  0.13296051E-01,  0.12182324E+00, -0.87444723E-01, -0.28335305E+00,  0.16122057E+00
     2239.,  0.37086822E-02,  0.16248799E-01,  0.12182324E+00, -0.86325657E-01, -0.28218446E+00,  0.22089015E+00
     2240.,  0.29669458E-02,  0.12999039E-01,  0.12182324E+00, -0.86491021E-01, -0.28321284E+00,  0.17250992E+00
     2241.,  0.83333333E-02,  0.14433757E-01,  0.12182324E+00, -0.84930381E-01, -0.28286263E+00,  0.21571854E+00
     2242.,  0.66666667E-02,  0.11547005E-01,  0.12182324E+00, -0.85624046E-01, -0.28363423E+00,  0.16847101E+00
     2243.,  0.12217531E-01,  0.11336212E-01,  0.12182324E+00, -0.84159575E-01, -0.28420895E+00,  0.19137938E+00
     2244.,  0.97740250E-02,  0.90689698E-02,  0.12182324E+00, -0.85145097E-01, -0.28447078E+00,  0.14946271E+00
     2245.,  0.15016148E-01,  0.72313957E-02,  0.12182324E+00, -0.84281111E-01, -0.28575554E+00,  0.15003534E+00
     2246.,  0.12012918E-01,  0.57851165E-02,  0.12182324E+00, -0.85220618E-01, -0.28543178E+00,  0.11717400E+00
     2247.,  0.16480514E-01,  0.24840378E-02,  0.12182324E+00, -0.85252753E-01, -0.28696493E+00,  0.95359989E-01
     2248.,  0.13184411E-01,  0.19872302E-02,  0.12182324E+00, -0.85824364E-01, -0.28618326E+00,  0.74473859E-01
     2249.,  0.16480514E-01, -0.24840378E-02,  0.12182324E+00, -0.86736841E-01, -0.28741684E+00,  0.32211473E-01
     2250.,  0.13184411E-01, -0.19872302E-02,  0.12182324E+00, -0.86746524E-01, -0.28646405E+00,  0.25156381E-01
     2251.,  0.15016148E-01, -0.72313957E-02,  0.12182324E+00, -0.88217620E-01, -0.28695421E+00, -0.33799157E-01
     2252.,  0.12012918E-01, -0.57851165E-02,  0.12182324E+00, -0.87666629E-01, -0.28617659E+00, -0.26396340E-01
     2253.,  0.12217531E-01, -0.11336212E-01,  0.12182324E+00, -0.89180491E-01, -0.28573782E+00, -0.96806579E-01
     2254.,  0.97740250E-02, -0.90689698E-02,  0.12182324E+00, -0.88264924E-01, -0.28542077E+00, -0.75603625E-01
     2255.,  0.83333333E-02, -0.14433757E-01,  0.12182324E+00, -0.89290836E-01, -0.28419038E+00, -0.15121232E+00
     2256.,  0.66666667E-02, -0.11547005E-01,  0.12182324E+00, -0.88333489E-01, -0.28445924E+00, -0.11809321E+00
     2257.,  0.37086822E-02, -0.16248799E-01,  0.12182324E+00, -0.88510309E-01, -0.28284967E+00, -0.19218219E+00
     2258.,  0.29669458E-02, -0.12999039E-01,  0.12182324E+00, -0.87848498E-01, -0.28362618E+00, -0.15008969E+00
     2259., -0.12455016E-02, -0.16620063E-01,  0.12182324E+00, -0.87110164E-01, -0.28218162E+00, -0.21607582E+00
     2260., -0.99640125E-03, -0.13296051E-01,  0.12182324E+00, -0.86978497E-01, -0.28321107E+00, -0.16875004E+00
     2261., -0.60890171E-02, -0.15514562E-01,  0.12182324E+00, -0.85576979E-01, -0.28241836E+00, -0.22077016E+00
     2262., -0.48712137E-02, -0.12411650E-01,  0.12182324E+00, -0.86025830E-01, -0.28335817E+00, -0.17241621E+00
     2263., -0.10391497E-01, -0.13030525E-01,  0.12182324E+00, -0.84443572E-01, -0.28347765E+00, -0.20584811E+00
     2264., -0.83131974E-02, -0.10424420E-01,  0.12182324E+00, -0.85321571E-01, -0.28401637E+00, -0.16076244E+00
     2265., -0.13770646E-01, -0.93886676E-02,  0.12182324E+00, -0.84103829E-01, -0.28499134E+00, -0.17263556E+00
     2266., -0.11016517E-01, -0.75109341E-02,  0.12182324E+00, -0.85110467E-01, -0.28495692E+00, -0.13482423E+00
     2267., -0.15926213E-01, -0.49125862E-02,  0.12182324E+00, -0.84675810E-01, -0.28643339E+00, -0.12408358E+00
     2268., -0.12740971E-01, -0.39300690E-02,  0.12182324E+00, -0.85465873E-01, -0.28585296E+00, -0.96906293E-01
     2269., -0.16666667E-01,  0.20410780E-17,  0.11384399E+00, -0.50914219E-01, -0.17029124E+00, -0.66690348E-01
     2270., -0.13333333E-01,  0.16328624E-17,  0.11384399E+00, -0.51102330E-01, -0.16972748E+00, -0.52084611E-01
     2271., -0.15926213E-01,  0.49125862E-02,  0.11384399E+00, -0.51875882E-01, -0.17028777E+00,  0.82989688E-03
     2272., -0.12740971E-01,  0.39300690E-02,  0.11384399E+00, -0.51699950E-01, -0.16972532E+00,  0.64815293E-03
     2273., -0.13770646E-01,  0.93886676E-02,  0.11384399E+00, -0.52668487E-01, -0.16974317E+00,  0.68276388E-01
     2274., -0.11016517E-01,  0.75109341E-02,  0.11384399E+00, -0.52192509E-01, -0.16938688E+00,  0.53323315E-01
     2275., -0.10391497E-01,  0.13030525E-01,  0.11384399E+00, -0.53016584E-01, -0.16884671E+00,  0.12965623E+00
     2276., -0.83131974E-02,  0.10424420E-01,  0.11384399E+00, -0.52408831E-01, -0.16882978E+00,  0.10126047E+00
     2277., -0.60890171E-02,  0.15514562E-01,  0.11384399E+00, -0.52799199E-01, -0.16790993E+00,  0.17951555E+00
     2278., -0.48712137E-02,  0.12411650E-01,  0.11384399E+00, -0.52273736E-01, -0.16824762E+00,  0.14020020E+00
     2279., -0.12455016E-02,  0.16620063E-01,  0.11384399E+00, -0.52091876E-01, -0.16725839E+00,  0.21342413E+00
     2280., -0.99640125E-03,  0.13296051E-01,  0.11384399E+00, -0.51834172E-01, -0.16784273E+00,  0.16668252E+00
     2281.,  0.37086822E-02,  0.16248799E-01,  0.11384399E+00, -0.51140427E-01, -0.16711850E+00,  0.22836903E+00
     2282.,  0.29669458E-02,  0.12999039E-01,  0.11384399E+00, -0.51242899E-01, -0.16775580E+00,  0.17835436E+00
     2283.,  0.83333333E-02,  0.14433757E-01,  0.11384399E+00, -0.50275500E-01, -0.16753890E+00,  0.22302234E+00
     2284.,  0.66666667E-02,  0.11547005E-01,  0.11384399E+00, -0.50705393E-01, -0.16801706E+00,  0.17417863E+00
     2285.,  0.12217531E-01,  0.11336212E-01,  0.11384399E+00, -0.49797679E-01, -0.16837348E+00,  0.19785913E+00
     2286.,  0.97740250E-02,  0.90689698E-02,  0.11384399E+00, -0.50408455E-01, -0.16853570E+00,  0.15452638E+00
     2287.,  0.15016148E-01,  0.72313957E-02,  0.11384399E+00, -0.49873018E-01, -0.16933221E+00,  0.15511529E+00
     2288.,  0.12012918E-01,  0.57851165E-02,  0.11384399E+00, -0.50455277E-01, -0.16913151E+00,  0.12114377E+00
     2289.,  0.16480514E-01,  0.24840378E-02,  0.11384399E+00, -0.50475337E-01, -0.17008191E+00,  0.98588762E-01
     2290.,  0.13184411E-01,  0.19872302E-02,  0.11384399E+00, -0.50829588E-01, -0.16959741E+00,  0.76997015E-01
     2291.,  0.16480514E-01, -0.24840378E-02,  0.11384399E+00, -0.51395321E-01, -0.17036205E+00,  0.33302178E-01
     2292.,  0.13184411E-01, -0.19872302E-02,  0.11384399E+00, -0.51401309E-01, -0.16977150E+00,  0.26008719E-01
     2293.,  0.15016148E-01, -0.72313957E-02,  0.11384399E+00, -0.52313257E-01, -0.17007527E+00, -0.34943435E-01
     2294.,  0.12012918E-01, -0.57851165E-02,  0.11384399E+00, -0.51971759E-01, -0.16959328E+00, -0.27290551E-01
     2295.,  0.12217531E-01, -0.11336212E-01,  0.11384399E+00, -0.52910144E-01, -0.16932123E+00, -0.10008416E+00
     2296.,  0.97740250E-02, -0.90689698E-02,  0.11384399E+00, -0.52342694E-01, -0.16912468E+00, -0.78164931E-01
     2297.,  0.83333333E-02, -0.14433757E-01,  0.11384399E+00, -0.52978553E-01, -0.16836198E+00, -0.15633199E+00
     2298.,  0.66666667E-02, -0.11547005E-01,  0.11384399E+00, -0.52385206E-01, -0.16852855E+00, -0.12209402E+00
     2299.,  0.37086822E-02, -0.16248799E-01,  0.11384399E+00, -0.52494711E-01, -0.16753087E+00, -0.19868903E+00
     2300.,  0.29669458E-02, -0.12999039E-01,  0.11384399E+00, -0.52084525E-01, -0.16801206E+00, -0.15517453E+00
     2301., -0.12455016E-02, -0.16620063E-01,  0.11384399E+00, -0.51626768E-01, -0.16711674E+00, -0.22339168E+00
     2302., -0.99640125E-03, -0.13296051E-01,  0.11384399E+00, -0.51545144E-01, -0.16775470E+00, -0.17446709E+00
     2303., -0.60890171E-02, -0.15514562E-01,  0.11384399E+00, -0.50676349E-01, -0.16726349E+00, -0.22824499E+00
     2304., -0.48712137E-02, -0.12411650E-01,  0.11384399E+00, -0.50954510E-01, -0.16784590E+00, -0.17825749E+00
     2305., -0.10391497E-01, -0.13030525E-01,  0.11384399E+00, -0.49973749E-01, -0.16792013E+00, -0.21281773E+00
     2306., -0.83131974E-02, -0.10424420E-01,  0.11384399E+00, -0.50517881E-01, -0.16825396E+00, -0.16620892E+00
     2307., -0.13770646E-01, -0.93886676E-02,  0.11384399E+00, -0.49763138E-01, -0.16885846E+00, -0.17848069E+00
     2308., -0.11016517E-01, -0.75109341E-02,  0.11384399E+00, -0.50386998E-01, -0.16883708E+00, -0.13939197E+00
     2309., -0.15926213E-01, -0.49125862E-02,  0.11384399E+00, -0.50117701E-01, -0.16975238E+00, -0.12828486E+00
     2310., -0.12740971E-01, -0.39300690E-02,  0.11384399E+00, -0.50607339E-01, -0.16939261E+00, -0.10018943E+00
     2311., -0.16666667E-01,  0.20410780E-17,  0.10615818E+00, -0.16311966E-01, -0.54766139E-01, -0.67813149E-01
     2312., -0.13333333E-01,  0.16328624E-17,  0.10615818E+00, -0.16386303E-01, -0.54543277E-01, -0.52962601E-01
     2313., -0.15926213E-01,  0.49125862E-02,  0.10615818E+00, -0.16692310E-01, -0.54764772E-01,  0.84379060E-03
     2314., -0.12740971E-01,  0.39300690E-02,  0.10615818E+00, -0.16622766E-01, -0.54542426E-01,  0.65902143E-03
     2315., -0.13770646E-01,  0.93886676E-02,  0.10615818E+00, -0.17005791E-01, -0.54549386E-01,  0.69425741E-01
     2316., -0.11016517E-01,  0.75109341E-02,  0.10615818E+00, -0.16817660E-01, -0.54408518E-01,  0.54222075E-01
     2317., -0.10391497E-01,  0.13030525E-01,  0.10615818E+00, -0.17143468E-01, -0.54194832E-01,  0.13183892E+00
     2318., -0.83131974E-02,  0.10424420E-01,  0.10615818E+00, -0.16903254E-01, -0.54188088E-01,  0.10296726E+00
     2319., -0.60890171E-02,  0.15514562E-01,  0.10615818E+00, -0.17057491E-01, -0.53824330E-01,  0.18253764E+00
     2320., -0.48712137E-02,  0.12411650E-01,  0.10615818E+00, -0.16849799E-01, -0.53957744E-01,  0.14256337E+00
     2321., -0.12455016E-02,  0.16620063E-01,  0.10615818E+00, -0.16777738E-01, -0.53566641E-01,  0.21701708E+00
     2322., -0.99640125E-03,  0.13296051E-01,  0.10615818E+00, -0.16675872E-01, -0.53797538E-01,  0.16949209E+00
     2323.,  0.37086822E-02,  0.16248799E-01,  0.10615818E+00, -0.16401430E-01, -0.53511318E-01,  0.23221360E+00
     2324.,  0.29669458E-02,  0.12999039E-01,  0.10615818E+00, -0.16441916E-01, -0.53763146E-01,  0.18136069E+00
     2325.,  0.83333333E-02,  0.14433757E-01,  0.10615818E+00, -0.16059342E-01, -0.53677590E-01,  0.22677692E+00
     2326.,  0.66666667E-02,  0.11547005E-01,  0.10615818E+00, -0.16229235E-01, -0.53866523E-01,  0.17711459E+00
     2327.,  0.12217531E-01,  0.11336212E-01,  0.10615818E+00, -0.15870357E-01, -0.54007679E-01,  0.20119012E+00
     2328.,  0.97740250E-02,  0.90689698E-02,  0.10615818E+00, -0.16111744E-01, -0.54071746E-01,  0.15713109E+00
     2329.,  0.15016148E-01,  0.72313957E-02,  0.10615818E+00, -0.15900155E-01, -0.54386873E-01,  0.15772670E+00
     2330.,  0.12012918E-01,  0.57851165E-02,  0.10615818E+00, -0.16130272E-01, -0.54307497E-01,  0.12318581E+00
     2331.,  0.16480514E-01,  0.24840378E-02,  0.10615818E+00, -0.16138381E-01, -0.54683394E-01,  0.10024857E+00
     2332.,  0.13184411E-01,  0.19872302E-02,  0.10615818E+00, -0.16278382E-01, -0.54491849E-01,  0.78294924E-01
     2333.,  0.16480514E-01, -0.24840378E-02,  0.10615818E+00, -0.16502250E-01, -0.54794198E-01,  0.33862895E-01
     2334.,  0.13184411E-01, -0.19872302E-02,  0.10615818E+00, -0.16504605E-01, -0.54560736E-01,  0.26447179E-01
     2335.,  0.15016148E-01, -0.72313957E-02,  0.10615818E+00, -0.16865311E-01, -0.54680776E-01, -0.35531628E-01
     2336.,  0.12012918E-01, -0.57851165E-02,  0.10615818E+00, -0.16730327E-01, -0.54490219E-01, -0.27750502E-01
     2337.,  0.12217531E-01, -0.11336212E-01,  0.10615818E+00, -0.17101397E-01, -0.54382544E-01, -0.10176901E+00
     2338.,  0.97740250E-02, -0.90689698E-02,  0.10615818E+00, -0.16877106E-01, -0.54304803E-01, -0.79482424E-01
     2339.,  0.83333333E-02, -0.14433757E-01,  0.10615818E+00, -0.17128463E-01, -0.54003143E-01, -0.15896377E+00
     2340.,  0.66666667E-02, -0.11547005E-01,  0.10615818E+00, -0.16893933E-01, -0.54068921E-01, -0.12415199E+00
     2341.,  0.37086822E-02, -0.16248799E-01,  0.10615818E+00, -0.16937105E-01, -0.53674421E-01, -0.20203391E+00
     2342.,  0.29669458E-02, -0.12999039E-01,  0.10615818E+00, -0.16774964E-01, -0.53864549E-01, -0.15779012E+00
     2343., -0.12455016E-02, -0.16620063E-01,  0.10615818E+00, -0.16593827E-01, -0.53510612E-01, -0.22715244E+00
     2344., -0.99640125E-03, -0.13296051E-01,  0.10615818E+00, -0.16561542E-01, -0.53762705E-01, -0.17740789E+00
     2345., -0.60890171E-02, -0.15514562E-01,  0.10615818E+00, -0.16217922E-01, -0.53568642E-01, -0.23208748E+00
     2346., -0.48712137E-02, -0.12411650E-01,  0.10615818E+00, -0.16327838E-01, -0.53798781E-01, -0.18126219E+00
     2347., -0.10391497E-01, -0.13030525E-01,  0.10615818E+00, -0.15940029E-01, -0.53828341E-01, -0.21640053E+00
     2348., -0.83131974E-02, -0.10424420E-01,  0.10615818E+00, -0.16155067E-01, -0.53960239E-01, -0.16901055E+00
     2349., -0.13770646E-01, -0.93886676E-02,  0.10615818E+00, -0.15856720E-01, -0.54199456E-01, -0.18148545E+00
     2350., -0.11016517E-01, -0.75109341E-02,  0.10615818E+00, -0.16103273E-01, -0.54190964E-01, -0.14174159E+00
     2351., -0.15926213E-01, -0.49125862E-02,  0.10615818E+00, -0.15996943E-01, -0.54553012E-01, -0.13044459E+00
     2352., -0.12740971E-01, -0.39300690E-02,  0.10615818E+00, -0.16190450E-01, -0.54410773E-01, -0.10187826E+00
     2353., -0.16666667E-01,  0.20410780E-17,  0.98755010E-01,  0.17329058E-01,  0.57546736E-01, -0.67970523E-01
     2354., -0.13333333E-01,  0.16328624E-17,  0.98755010E-01,  0.17365142E-01,  0.57438690E-01, -0.53086621E-01
     2355., -0.15926213E-01,  0.49125862E-02,  0.98755010E-01,  0.17513008E-01,  0.57546059E-01,  0.84568417E-03
     2356., -0.12740971E-01,  0.39300690E-02,  0.98755010E-01,  0.17479283E-01,  0.57438270E-01,  0.66051706E-03
     2357., -0.13770646E-01,  0.93886676E-02,  0.98755010E-01,  0.17664617E-01,  0.57441878E-01,  0.69586736E-01
     2358., -0.11016517E-01,  0.75109341E-02,  0.98755010E-01,  0.17573354E-01,  0.57373626E-01,  0.54348954E-01
     2359., -0.10391497E-01,  0.13030525E-01,  0.98755010E-01,  0.17731197E-01,  0.57270398E-01,  0.13214470E+00
     2360., -0.83131974E-02,  0.10424420E-01,  0.98755010E-01,  0.17614669E-01,  0.57267224E-01,  0.10320825E+00
     2361., -0.60890171E-02,  0.15514562E-01,  0.98755010E-01,  0.17689614E-01,  0.57091208E-01,  0.18296105E+00
     2362., -0.48712137E-02,  0.12411650E-01,  0.98755010E-01,  0.17588869E-01,  0.57156038E-01,  0.14289706E+00
     2363., -0.12455016E-02,  0.16620063E-01,  0.98755010E-01,  0.17554319E-01,  0.56966581E-01,  0.21752050E+00
     2364., -0.99640125E-03,  0.13296051E-01,  0.98755010E-01,  0.17504920E-01,  0.57078706E-01,  0.16988882E+00
     2365.,  0.37086822E-02,  0.16248799E-01,  0.98755010E-01,  0.17372331E-01,  0.56939821E-01,  0.23275229E+00
     2366.,  0.29669458E-02,  0.12999039E-01,  0.98755010E-01,  0.17391999E-01,  0.57062099E-01,  0.18178521E+00
     2367.,  0.83333333E-02,  0.14433757E-01,  0.98755010E-01,  0.17206894E-01,  0.57020227E-01,  0.22730302E+00
     2368.,  0.66666667E-02,  0.11547005E-01,  0.98755010E-01,  0.17289348E-01,  0.57111987E-01,  0.17752919E+00
     2369.,  0.12217531E-01,  0.11336212E-01,  0.98755010E-01,  0.17115501E-01,  0.57179853E-01,  0.20165688E+00
     2370.,  0.97740250E-02,  0.90689698E-02,  0.98755010E-01,  0.17232638E-01,  0.57211031E-01,  0.15749893E+00
     2371.,  0.15016148E-01,  0.72313957E-02,  0.98755010E-01,  0.17129912E-01,  0.57363223E-01,  0.15809264E+00
     2372.,  0.12012918E-01,  0.57851165E-02,  0.98755010E-01,  0.17241578E-01,  0.57324807E-01,  0.12347420E+00
     2373.,  0.16480514E-01,  0.24840378E-02,  0.98755010E-01,  0.17245115E-01,  0.57506610E-01,  0.10048118E+00
     2374.,  0.13184411E-01,  0.19872302E-02,  0.98755010E-01,  0.17313057E-01,  0.57413777E-01,  0.78478239E-01
     2375.,  0.16480514E-01, -0.24840378E-02,  0.98755010E-01,  0.17421072E-01,  0.57560182E-01,  0.33941513E-01
     2376.,  0.13184411E-01, -0.19872302E-02,  0.98755010E-01,  0.17422235E-01,  0.57447018E-01,  0.26509132E-01
     2377.,  0.15016148E-01, -0.72313957E-02,  0.98755010E-01,  0.17596632E-01,  0.57505323E-01, -0.35613993E-01
     2378.,  0.12012918E-01, -0.57851165E-02,  0.98755010E-01,  0.17531165E-01,  0.57412980E-01, -0.27815414E-01
     2379.,  0.12217531E-01, -0.11336212E-01,  0.98755010E-01,  0.17710781E-01,  0.57361098E-01, -0.10200504E+00
     2380.,  0.97740250E-02, -0.90689698E-02,  0.98755010E-01,  0.17601991E-01,  0.57323491E-01, -0.79668435E-01
     2381.,  0.83333333E-02, -0.14433757E-01,  0.98755010E-01,  0.17723846E-01,  0.57177629E-01, -0.15933249E+00
     2382.,  0.66666667E-02, -0.11547005E-01,  0.98755010E-01,  0.17610097E-01,  0.57209654E-01, -0.12444258E+00
     2383.,  0.37086822E-02, -0.16248799E-01,  0.98755010E-01,  0.17631287E-01,  0.57018681E-01, -0.20250256E+00
     2384.,  0.29669458E-02, -0.12999039E-01,  0.98755010E-01,  0.17552666E-01,  0.57111031E-01, -0.15815945E+00
     2385., -0.12455016E-02, -0.16620063E-01,  0.98755010E-01,  0.17465268E-01,  0.56939493E-01, -0.22767938E+00
     2386., -0.99640125E-03, -0.13296051E-01,  0.98755010E-01,  0.17449654E-01,  0.57061899E-01, -0.17782315E+00
     2387., -0.60890171E-02, -0.15514562E-01,  0.98755010E-01,  0.17283485E-01,  0.56967588E-01, -0.23262589E+00
     2388., -0.48712137E-02, -0.12411650E-01,  0.98755010E-01,  0.17336861E-01,  0.57079332E-01, -0.18168649E+00
     2389., -0.10391497E-01, -0.13030525E-01,  0.98755010E-01,  0.17149113E-01,  0.57093205E-01, -0.21690257E+00
     2390., -0.83131974E-02, -0.10424420E-01,  0.98755010E-01,  0.17253486E-01,  0.57157278E-01, -0.16940619E+00
     2391., -0.13770646E-01, -0.93886676E-02,  0.98755010E-01,  0.17108849E-01,  0.57272692E-01, -0.18190650E+00
     2392., -0.11016517E-01, -0.75109341E-02,  0.98755010E-01,  0.17228503E-01,  0.57268649E-01, -0.14207341E+00
     2393., -0.15926213E-01, -0.49125862E-02,  0.98755010E-01,  0.17176689E-01,  0.57443676E-01, -0.13074725E+00
     2394., -0.12740971E-01, -0.39300690E-02,  0.98755010E-01,  0.17270598E-01,  0.57374742E-01, -0.10211678E+00
     2395., -0.16666667E-01,  0.20410780E-17,  0.91624083E-01,  0.49596355E-01,  0.16527037E+00, -0.67264064E-01
     2396., -0.13333333E-01,  0.16328624E-17,  0.91624083E-01,  0.49738159E-01,  0.16484545E+00, -0.52535966E-01
     2397., -0.15926213E-01,  0.49125862E-02,  0.91624083E-01,  0.50320681E-01,  0.16526774E+00,  0.83684354E-03
     2398., -0.12740971E-01,  0.39300690E-02,  0.91624083E-01,  0.50188066E-01,  0.16484382E+00,  0.65362684E-03
     2399., -0.13770646E-01,  0.93886676E-02,  0.91624083E-01,  0.50917665E-01,  0.16485754E+00,  0.68863381E-01
     2400., -0.11016517E-01,  0.75109341E-02,  0.91624083E-01,  0.50558877E-01,  0.16458902E+00,  0.53785131E-01
     2401., -0.10391497E-01,  0.13030525E-01,  0.91624083E-01,  0.51179845E-01,  0.16418232E+00,  0.13077111E+00
     2402., -0.83131974E-02,  0.10424420E-01,  0.91624083E-01,  0.50721727E-01,  0.16416962E+00,  0.10213760E+00
     2403., -0.60890171E-02,  0.15514562E-01,  0.91624083E-01,  0.51016108E-01,  0.16347674E+00,  0.18105927E+00
     2404., -0.48712137E-02,  0.12411650E-01,  0.91624083E-01,  0.50620026E-01,  0.16373136E+00,  0.14141470E+00
     2405., -0.12455016E-02,  0.16620063E-01,  0.91624083E-01,  0.50483359E-01,  0.16298600E+00,  0.21525950E+00
     2406., -0.99640125E-03,  0.13296051E-01,  0.91624083E-01,  0.50289116E-01,  0.16342654E+00,  0.16812647E+00
     2407.,  0.37086822E-02,  0.16248799E-01,  0.91624083E-01,  0.49766741E-01,  0.16288064E+00,  0.23033298E+00
     2408.,  0.29669458E-02,  0.12999039E-01,  0.91624083E-01,  0.49843998E-01,  0.16336110E+00,  0.17989947E+00
     2409.,  0.83333333E-02,  0.14433757E-01,  0.91624083E-01,  0.49115294E-01,  0.16319727E+00,  0.22494037E+00
     2410.,  0.66666667E-02,  0.11547005E-01,  0.91624083E-01,  0.49439361E-01,  0.16355776E+00,  0.17568761E+00
     2411.,  0.12217531E-01,  0.11336212E-01,  0.91624083E-01,  0.48755411E-01,  0.16382585E+00,  0.19956082E+00
     2412.,  0.97740250E-02,  0.90689698E-02,  0.91624083E-01,  0.49215824E-01,  0.16394820E+00,  0.15586514E+00
     2413.,  0.15016148E-01,  0.72313957E-02,  0.91624083E-01,  0.48812156E-01,  0.16454794E+00,  0.15644942E+00
     2414.,  0.12012918E-01,  0.57851165E-02,  0.91624083E-01,  0.49251068E-01,  0.16439671E+00,  0.12219337E+00
     2415.,  0.16480514E-01,  0.24840378E-02,  0.91624083E-01,  0.49265806E-01,  0.16511259E+00,  0.99436794E-01
     2416.,  0.13184411E-01,  0.19872302E-02,  0.91624083E-01,  0.49532844E-01,  0.16474743E+00,  0.77664184E-01
     2417.,  0.16480514E-01, -0.24840378E-02,  0.91624083E-01,  0.49958706E-01,  0.16532357E+00,  0.33588763E-01
     2418.,  0.13184411E-01, -0.19872302E-02,  0.91624083E-01,  0.49963227E-01,  0.16487848E+00,  0.26234178E-01
     2419.,  0.15016148E-01, -0.72313957E-02,  0.91624083E-01,  0.50650054E-01,  0.16510756E+00, -0.35243761E-01
     2420.,  0.12012918E-01, -0.57851165E-02,  0.91624083E-01,  0.50392647E-01,  0.16474431E+00, -0.27526836E-01
     2421.,  0.12217531E-01, -0.11336212E-01,  0.91624083E-01,  0.51099590E-01,  0.16453963E+00, -0.10094472E+00
     2422.,  0.97740250E-02, -0.90689698E-02,  0.91624083E-01,  0.50671867E-01,  0.16439155E+00, -0.78841966E-01
     2423.,  0.83333333E-02, -0.14433757E-01,  0.91624083E-01,  0.51151084E-01,  0.16381715E+00, -0.15767631E+00
     2424.,  0.66666667E-02, -0.11547005E-01,  0.91624083E-01,  0.50703851E-01,  0.16394279E+00, -0.12315165E+00
     2425.,  0.37086822E-02, -0.16248799E-01,  0.91624083E-01,  0.50786641E-01,  0.16319121E+00, -0.20039766E+00
     2426.,  0.29669458E-02, -0.12999039E-01,  0.91624083E-01,  0.50477482E-01,  0.16355400E+00, -0.15651877E+00
     2427., -0.12455016E-02, -0.16620063E-01,  0.91624083E-01,  0.50132913E-01,  0.16287933E+00, -0.22531280E+00
     2428., -0.99640125E-03, -0.13296051E-01,  0.91624083E-01,  0.50071428E-01,  0.16336028E+00, -0.17597851E+00
     2429., -0.60890171E-02, -0.15514562E-01,  0.91624083E-01,  0.49417083E-01,  0.16298989E+00, -0.23020791E+00
     2430., -0.48712137E-02, -0.12411650E-01,  0.91624083E-01,  0.49626801E-01,  0.16342896E+00, -0.17980178E+00
     2431., -0.10391497E-01, -0.13030525E-01,  0.91624083E-01,  0.48887920E-01,  0.16348449E+00, -0.21464803E+00
     2432., -0.83131974E-02, -0.10424420E-01,  0.91624083E-01,  0.49298120E-01,  0.16373617E+00, -0.16764888E+00
     2433., -0.13770646E-01, -0.93886676E-02,  0.91624083E-01,  0.48729321E-01,  0.16419124E+00, -0.18001574E+00
     2434., -0.11016517E-01, -0.75109341E-02,  0.91624083E-01,  0.49199610E-01,  0.16417516E+00, -0.14059964E+00
     2435., -0.15926213E-01, -0.49125862E-02,  0.91624083E-01,  0.48996404E-01,  0.16486453E+00, -0.12938827E+00
     2436., -0.12740971E-01, -0.39300690E-02,  0.91624083E-01,  0.49365507E-01,  0.16459337E+00, -0.10105751E+00
     2437., -0.16666667E-01,  0.20410780E-17,  0.84755390E-01,  0.80172421E-01,  0.26734496E+00, -0.65797098E-01
     2438., -0.13333333E-01,  0.16328624E-17,  0.84755390E-01,  0.80414210E-01,  0.26662029E+00, -0.51391293E-01
     2439., -0.15926213E-01,  0.49125862E-02,  0.84755390E-01,  0.81407921E-01,  0.26734047E+00,  0.81855541E-03
     2440., -0.12740971E-01,  0.39300690E-02,  0.84755390E-01,  0.81181762E-01,  0.26661751E+00,  0.63935503E-03
     2441., -0.13770646E-01,  0.93886676E-02,  0.84755390E-01,  0.82426213E-01,  0.26664079E+00,  0.67361462E-01
     2442., -0.11016517E-01,  0.75109341E-02,  0.84755390E-01,  0.81814376E-01,  0.26618283E+00,  0.52613182E-01
     2443., -0.10391497E-01,  0.13030525E-01,  0.84755390E-01,  0.82873422E-01,  0.26548906E+00,  0.12791901E+00
     2444., -0.83131974E-02,  0.10424420E-01,  0.84755390E-01,  0.82092204E-01,  0.26546732E+00,  0.99912103E-01
     2445., -0.60890171E-02,  0.15514562E-01,  0.84755390E-01,  0.82594133E-01,  0.26428553E+00,  0.17711041E+00
     2446., -0.48712137E-02,  0.12411650E-01,  0.84755390E-01,  0.81918698E-01,  0.26471963E+00,  0.13833341E+00
     2447., -0.12455016E-02,  0.16620063E-01,  0.84755390E-01,  0.81685409E-01,  0.26344847E+00,  0.21056476E+00
     2448., -0.99640125E-03,  0.13296051E-01,  0.84755390E-01,  0.81354156E-01,  0.26419960E+00,  0.16446317E+00
     2449.,  0.37086822E-02,  0.16248799E-01,  0.84755390E-01,  0.80463052E-01,  0.26326875E+00,  0.22530951E+00
     2450.,  0.29669458E-02,  0.12999039E-01,  0.84755390E-01,  0.80594770E-01,  0.26408795E+00,  0.17597966E+00
     2451.,  0.83333333E-02,  0.14433757E-01,  0.84755390E-01,  0.79351858E-01,  0.26380884E+00,  0.22003452E+00
     2452.,  0.66666667E-02,  0.11547005E-01,  0.84755390E-01,  0.79904443E-01,  0.26442348E+00,  0.17185958E+00
     2453.,  0.12217531E-01,  0.11336212E-01,  0.84755390E-01,  0.78737992E-01,  0.26488104E+00,  0.19520849E+00
     2454.,  0.97740250E-02,  0.90689698E-02,  0.84755390E-01,  0.79523081E-01,  0.26508958E+00,  0.15246903E+00
     2455.,  0.15016148E-01,  0.72313957E-02,  0.84755390E-01,  0.78834784E-01,  0.26611273E+00,  0.15303734E+00
     2456.,  0.12012918E-01,  0.57851165E-02,  0.84755390E-01,  0.79583211E-01,  0.26585476E+00,  0.11953093E+00
     2457.,  0.16480514E-01,  0.24840378E-02,  0.84755390E-01,  0.79608592E-01,  0.26707587E+00,  0.97268151E-01
     2458.,  0.13184411E-01,  0.19872302E-02,  0.84755390E-01,  0.80063935E-01,  0.26645311E+00,  0.75971992E-01
     2459.,  0.16480514E-01, -0.24840378E-02,  0.84755390E-01,  0.80790500E-01,  0.26743575E+00,  0.32856242E-01
     2460.,  0.13184411E-01, -0.19872302E-02,  0.84755390E-01,  0.80798190E-01,  0.26667668E+00,  0.25662594E-01
     2461.,  0.15016148E-01, -0.72313957E-02,  0.84755390E-01,  0.81969765E-01,  0.26706730E+00, -0.34475072E-01
     2462.,  0.12012918E-01, -0.57851165E-02,  0.84755390E-01,  0.81530803E-01,  0.26644779E+00, -0.26927026E-01
     2463.,  0.12217531E-01, -0.11336212E-01,  0.84755390E-01,  0.82736562E-01,  0.26609857E+00, -0.98743120E-01
     2464.,  0.97740250E-02, -0.90689698E-02,  0.84755390E-01,  0.82007171E-01,  0.26584596E+00, -0.77124057E-01
     2465.,  0.83333333E-02, -0.14433757E-01,  0.84755390E-01,  0.82824410E-01,  0.26486621E+00, -0.15423742E+00
     2466.,  0.66666667E-02, -0.11547005E-01,  0.84755390E-01,  0.82061744E-01,  0.26508037E+00, -0.12046829E+00
     2467.,  0.37086822E-02, -0.16248799E-01,  0.84755390E-01,  0.82202777E-01,  0.26379850E+00, -0.19602705E+00
     2468.,  0.29669458E-02, -0.12999039E-01,  0.84755390E-01,  0.81675556E-01,  0.26441706E+00, -0.15310838E+00
     2469., -0.12455016E-02, -0.16620063E-01,  0.84755390E-01,  0.81087695E-01,  0.26326650E+00, -0.22039881E+00
     2470., -0.99640125E-03, -0.13296051E-01,  0.84755390E-01,  0.80982813E-01,  0.26408656E+00, -0.17214412E+00
     2471., -0.60890171E-02, -0.15514562E-01,  0.84755390E-01,  0.79866676E-01,  0.26345508E+00, -0.22518717E+00
     2472., -0.48712137E-02, -0.12411650E-01,  0.84755390E-01,  0.80224259E-01,  0.26420371E+00, -0.17588410E+00
     2473., -0.10391497E-01, -0.13030525E-01,  0.84755390E-01,  0.78964055E-01,  0.26429872E+00, -0.20996665E+00
     2474., -0.83131974E-02, -0.10424420E-01,  0.84755390E-01,  0.79663510E-01,  0.26472782E+00, -0.16399600E+00
     2475., -0.13770646E-01, -0.93886676E-02,  0.84755390E-01,  0.78693516E-01,  0.26550424E+00, -0.17608969E+00
     2476., -0.11016517E-01, -0.75109341E-02,  0.84755390E-01,  0.79495440E-01,  0.26547675E+00, -0.13753614E+00
     2477., -0.15926213E-01, -0.49125862E-02,  0.84755390E-01,  0.79149076E-01,  0.26665269E+00, -0.12656639E+00
     2478., -0.12740971E-01, -0.39300690E-02,  0.84755390E-01,  0.79778458E-01,  0.26619022E+00, -0.98855600E-01
     2479., -0.16666667E-01,  0.20410780E-17,  0.78139288E-01,  0.10882429E+00,  0.36299295E+00, -0.63671597E-01
     2480., -0.13333333E-01,  0.16328624E-17,  0.78139288E-01,  0.10915957E+00,  0.36198793E+00, -0.49732204E-01
     2481., -0.15926213E-01,  0.49125862E-02,  0.78139288E-01,  0.11053791E+00,  0.36298673E+00,  0.79208446E-03
     2482., -0.12740971E-01,  0.39300690E-02,  0.78139288E-01,  0.11022426E+00,  0.36198406E+00,  0.61869166E-03
     2483., -0.13770646E-01,  0.93886676E-02,  0.78139288E-01,  0.11195028E+00,  0.36201628E+00,  0.65185373E-01
     2484., -0.11016517E-01,  0.75109341E-02,  0.78139288E-01,  0.11110177E+00,  0.36138111E+00,  0.50914604E-01
     2485., -0.10391497E-01,  0.13030525E-01,  0.78139288E-01,  0.11257056E+00,  0.36041884E+00,  0.12378666E+00
     2486., -0.83131974E-02,  0.10424420E-01,  0.78139288E-01,  0.11148716E+00,  0.36038861E+00,  0.96686535E-01
     2487., -0.60890171E-02,  0.15514562E-01,  0.78139288E-01,  0.11218319E+00,  0.35874956E+00,  0.17138897E+00
     2488., -0.48712137E-02,  0.12411650E-01,  0.78139288E-01,  0.11124648E+00,  0.35935148E+00,  0.13386745E+00
     2489., -0.12455016E-02,  0.16620063E-01,  0.78139288E-01,  0.11092279E+00,  0.35758856E+00,  0.20376261E+00
     2490., -0.99640125E-03,  0.13296051E-01,  0.78139288E-01,  0.11046340E+00,  0.35863014E+00,  0.15915365E+00
     2491.,  0.37086822E-02,  0.16248799E-01,  0.78139288E-01,  0.10922739E+00,  0.35733929E+00,  0.21803105E+00
     2492.,  0.29669458E-02,  0.12999039E-01,  0.78139288E-01,  0.10941003E+00,  0.35847527E+00,  0.17029835E+00
     2493.,  0.83333333E-02,  0.14433757E-01,  0.78139288E-01,  0.10768617E+00,  0.35808839E+00,  0.21292647E+00
     2494.,  0.66666667E-02,  0.11547005E-01,  0.78139288E-01,  0.10845246E+00,  0.35894068E+00,  0.16631129E+00
     2495.,  0.12217531E-01,  0.11336212E-01,  0.78139288E-01,  0.10683474E+00,  0.35957552E+00,  0.18890244E+00
     2496.,  0.97740250E-02,  0.90689698E-02,  0.78139288E-01,  0.10792346E+00,  0.35986465E+00,  0.14754675E+00
     2497.,  0.15016148E-01,  0.72313957E-02,  0.78139288E-01,  0.10696899E+00,  0.36128387E+00,  0.14809360E+00
     2498.,  0.12012918E-01,  0.57851165E-02,  0.78139288E-01,  0.10800687E+00,  0.36092605E+00,  0.11567203E+00
     2499.,  0.16480514E-01,  0.24840378E-02,  0.78139288E-01,  0.10804225E+00,  0.36261975E+00,  0.94125999E-01
     2500.,  0.13184411E-01,  0.19872302E-02,  0.78139288E-01,  0.10867370E+00,  0.36175604E+00,  0.73519342E-01
     2501.,  0.16480514E-01, -0.24840378E-02,  0.78139288E-01,  0.10968156E+00,  0.36311891E+00,  0.31794872E-01
     2502.,  0.13184411E-01, -0.19872302E-02,  0.78139288E-01,  0.10969220E+00,  0.36206617E+00,  0.24834128E-01
     2503.,  0.15016148E-01, -0.72313957E-02,  0.78139288E-01,  0.11131720E+00,  0.36260787E+00, -0.33361353E-01
     2504.,  0.12012918E-01, -0.57851165E-02,  0.78139288E-01,  0.11070843E+00,  0.36174866E+00, -0.26057695E-01
     2505.,  0.12217531E-01, -0.11336212E-01,  0.78139288E-01,  0.11238075E+00,  0.36126425E+00, -0.95553272E-01
     2506.,  0.97740250E-02, -0.90689698E-02,  0.78139288E-01,  0.11136922E+00,  0.36091386E+00, -0.74634174E-01
     2507.,  0.83333333E-02, -0.14433757E-01,  0.78139288E-01,  0.11250260E+00,  0.35955497E+00, -0.14925487E+00
     2508.,  0.66666667E-02, -0.11547005E-01,  0.78139288E-01,  0.11144493E+00,  0.35985188E+00, -0.11657909E+00
     2509.,  0.37086822E-02, -0.16248799E-01,  0.78139288E-01,  0.11164041E+00,  0.35807406E+00, -0.18969453E+00
     2510.,  0.29669458E-02, -0.12999039E-01,  0.78139288E-01,  0.11090924E+00,  0.35893178E+00, -0.14816544E+00
     2511., -0.12455016E-02, -0.16620063E-01,  0.78139288E-01,  0.11009380E+00,  0.35733616E+00, -0.21327898E+00
     2512., -0.99640125E-03, -0.13296051E-01,  0.78139288E-01,  0.10994832E+00,  0.35847333E+00, -0.16658664E+00
     2513., -0.60890171E-02, -0.15514562E-01,  0.78139288E-01,  0.10840025E+00,  0.35759771E+00, -0.21791266E+00
     2514., -0.48712137E-02, -0.12411650E-01,  0.78139288E-01,  0.10889611E+00,  0.35863583E+00, -0.17020588E+00
     2515., -0.10391497E-01, -0.13030525E-01,  0.78139288E-01,  0.10714831E+00,  0.35876783E+00, -0.20318385E+00
     2516., -0.83131974E-02, -0.10424420E-01,  0.78139288E-01,  0.10811828E+00,  0.35936283E+00, -0.15870158E+00
     2517., -0.13770646E-01, -0.93886676E-02,  0.78139288E-01,  0.10677307E+00,  0.36043988E+00, -0.17040126E+00
     2518., -0.11016517E-01, -0.75109341E-02,  0.78139288E-01,  0.10788514E+00,  0.36040169E+00, -0.13309596E+00
     2519., -0.15926213E-01, -0.49125862E-02,  0.78139288E-01,  0.10740492E+00,  0.36203277E+00, -0.12247778E+00
     2520., -0.12740971E-01, -0.39300690E-02,  0.78139288E-01,  0.10827771E+00,  0.36139136E+00, -0.95664177E-01
     2521., -0.16666667E-01,  0.20410780E-17,  0.71766487E-01,  0.13539277E+00,  0.45168313E+00, -0.60985846E-01
     2522., -0.13333333E-01,  0.16328624E-17,  0.71766487E-01,  0.13581456E+00,  0.45041866E+00, -0.47635427E-01
     2523., -0.15926213E-01,  0.49125862E-02,  0.71766487E-01,  0.13754888E+00,  0.45167531E+00,  0.75865411E-03
     2524., -0.12740971E-01,  0.39300690E-02,  0.71766487E-01,  0.13715426E+00,  0.45041380E+00,  0.59259147E-03
     2525., -0.13770646E-01,  0.93886676E-02,  0.71766487E-01,  0.13932594E+00,  0.45045427E+00,  0.62435733E-01
     2526., -0.11016517E-01,  0.75109341E-02,  0.71766487E-01,  0.13825844E+00,  0.44965511E+00,  0.48767947E-01
     2527., -0.10391497E-01,  0.13030525E-01,  0.71766487E-01,  0.14010638E+00,  0.44844435E+00,  0.11856513E+00
     2528., -0.83131974E-02,  0.10424420E-01,  0.71766487E-01,  0.13874337E+00,  0.44840624E+00,  0.92610059E-01
     2529., -0.60890171E-02,  0.15514562E-01,  0.71766487E-01,  0.13961899E+00,  0.44634403E+00,  0.16415950E+00
     2530., -0.48712137E-02,  0.12411650E-01,  0.71766487E-01,  0.13844053E+00,  0.44710122E+00,  0.12822337E+00
     2531., -0.12455016E-02,  0.16620063E-01,  0.71766487E-01,  0.13803314E+00,  0.44488324E+00,  0.19516758E+00
     2532., -0.99640125E-03,  0.13296051E-01,  0.71766487E-01,  0.13745516E+00,  0.44619356E+00,  0.15244347E+00
     2533.,  0.37086822E-02,  0.16248799E-01,  0.71766487E-01,  0.13589996E+00,  0.44456961E+00,  0.20883415E+00
     2534.,  0.29669458E-02,  0.12999039E-01,  0.71766487E-01,  0.13612971E+00,  0.44599868E+00,  0.16311829E+00
     2535.,  0.83333333E-02,  0.14433757E-01,  0.71766487E-01,  0.13396076E+00,  0.44551213E+00,  0.20394490E+00
     2536.,  0.66666667E-02,  0.11547005E-01,  0.71766487E-01,  0.13492480E+00,  0.44658432E+00,  0.15929934E+00
     2537.,  0.12217531E-01,  0.11336212E-01,  0.71766487E-01,  0.13288948E+00,  0.44738327E+00,  0.18093424E+00
     2538.,  0.97740250E-02,  0.90689698E-02,  0.71766487E-01,  0.13425916E+00,  0.44774694E+00,  0.14132594E+00
     2539.,  0.15016148E-01,  0.72313957E-02,  0.71766487E-01,  0.13305839E+00,  0.44953275E+00,  0.14184680E+00
     2540.,  0.12012918E-01,  0.57851165E-02,  0.71766487E-01,  0.13436411E+00,  0.44908252E+00,  0.11079512E+00
     2541.,  0.16480514E-01,  0.24840378E-02,  0.71766487E-01,  0.13440880E+00,  0.45121358E+00,  0.90155632E-01
     2542.,  0.13184411E-01,  0.19872302E-02,  0.71766487E-01,  0.13520318E+00,  0.45012690E+00,  0.70419660E-01
     2543.,  0.16480514E-01, -0.24840378E-02,  0.71766487E-01,  0.13647140E+00,  0.45184163E+00,  0.30453733E-01
     2544.,  0.13184411E-01, -0.19872302E-02,  0.71766487E-01,  0.13648477E+00,  0.45051713E+00,  0.23787096E-01
     2545.,  0.15016148E-01, -0.72313957E-02,  0.71766487E-01,  0.13852939E+00,  0.45119864E+00, -0.31954099E-01
     2546.,  0.12012918E-01, -0.57851165E-02,  0.71766487E-01,  0.13776349E+00,  0.45011761E+00, -0.24959044E-01
     2547.,  0.12217531E-01, -0.11336212E-01,  0.71766487E-01,  0.13986758E+00,  0.44950807E+00, -0.91522665E-01
     2548.,  0.97740250E-02, -0.90689698E-02,  0.71766487E-01,  0.13859497E+00,  0.44906718E+00, -0.71487460E-01
     2549.,  0.83333333E-02, -0.14433757E-01,  0.71766487E-01,  0.14002090E+00,  0.44735742E+00, -0.14295905E+00
     2550.,  0.66666667E-02, -0.11547005E-01,  0.71766487E-01,  0.13869024E+00,  0.44773088E+00, -0.11166391E+00
     2551.,  0.37086822E-02, -0.16248799E-01,  0.71766487E-01,  0.13893607E+00,  0.44549411E+00, -0.18169290E+00
     2552.,  0.29669458E-02, -0.12999039E-01,  0.71766487E-01,  0.13801618E+00,  0.44657311E+00, -0.14191853E+00
     2553., -0.12455016E-02, -0.16620063E-01,  0.71766487E-01,  0.13699010E+00,  0.44456566E+00, -0.20428253E+00
     2554., -0.99640125E-03, -0.13296051E-01,  0.71766487E-01,  0.13680705E+00,  0.44599623E+00, -0.15956307E+00
     2555., -0.60890171E-02, -0.15514562E-01,  0.71766487E-01,  0.13485925E+00,  0.44489475E+00, -0.20872076E+00
     2556., -0.48712137E-02, -0.12411650E-01,  0.71766487E-01,  0.13548305E+00,  0.44620071E+00, -0.16302972E+00
     2557., -0.10391497E-01, -0.13030525E-01,  0.71766487E-01,  0.13328404E+00,  0.44636701E+00, -0.19461324E+00
     2558., -0.83131974E-02, -0.10424420E-01,  0.71766487E-01,  0.13450430E+00,  0.44711550E+00, -0.15201047E+00
     2559., -0.13770646E-01, -0.93886676E-02,  0.71766487E-01,  0.13281189E+00,  0.44847081E+00, -0.16321348E+00
     2560., -0.11016517E-01, -0.75109341E-02,  0.71766487E-01,  0.13421094E+00,  0.44842269E+00, -0.12748442E+00
     2561., -0.15926213E-01, -0.49125862E-02,  0.71766487E-01,  0.13360690E+00,  0.45047501E+00, -0.11731149E+00
     2562., -0.12740971E-01, -0.39300690E-02,  0.71766487E-01,  0.13470491E+00,  0.44966800E+00, -0.91630830E-01
     2563., -0.16666667E-01,  0.20410780E-17,  0.65628041E-01,  0.15978187E+00,  0.53309531E+00, -0.57832757E-01
     2564., -0.13333333E-01,  0.16328624E-17,  0.65628041E-01,  0.16028289E+00,  0.53159320E+00, -0.45173504E-01
     2565., -0.15926213E-01,  0.49125862E-02,  0.65628041E-01,  0.16234330E+00,  0.53308603E+00,  0.71941780E-03
     2566., -0.12740971E-01,  0.39300690E-02,  0.65628041E-01,  0.16187452E+00,  0.53158743E+00,  0.56195343E-03
     2567., -0.13770646E-01,  0.93886676E-02,  0.65628041E-01,  0.16445442E+00,  0.53163545E+00,  0.59207657E-01
     2568., -0.11016517E-01,  0.75109341E-02,  0.65628041E-01,  0.16318633E+00,  0.53068606E+00,  0.46247469E-01
     2569., -0.10391497E-01,  0.13030525E-01,  0.65628041E-01,  0.16538157E+00,  0.52924769E+00,  0.11243504E+00
     2570., -0.83131974E-02,  0.10424420E-01,  0.65628041E-01,  0.16376245E+00,  0.52920235E+00,  0.87823698E-01
     2571., -0.60890171E-02,  0.15514562E-01,  0.65628041E-01,  0.16480256E+00,  0.52675256E+00,  0.15567209E+00
     2572., -0.48712137E-02,  0.12411650E-01,  0.65628041E-01,  0.16340266E+00,  0.52765191E+00,  0.12159642E+00
     2573., -0.12455016E-02,  0.16620063E-01,  0.65628041E-01,  0.16291859E+00,  0.52501716E+00,  0.18507698E+00
     2574., -0.99640125E-03,  0.13296051E-01,  0.65628041E-01,  0.16223200E+00,  0.52657356E+00,  0.14456475E+00
     2575.,  0.37086822E-02,  0.16248799E-01,  0.65628041E-01,  0.16038440E+00,  0.52464457E+00,  0.19803697E+00
     2576.,  0.29669458E-02,  0.12999039E-01,  0.65628041E-01,  0.16065729E+00,  0.52634204E+00,  0.15468787E+00
     2577.,  0.83333333E-02,  0.14433757E-01,  0.65628041E-01,  0.15808067E+00,  0.52576427E+00,  0.19340050E+00
     2578.,  0.66666667E-02,  0.11547005E-01,  0.65628041E-01,  0.15922579E+00,  0.52703781E+00,  0.15106630E+00
     2579.,  0.12217531E-01,  0.11336212E-01,  0.65628041E-01,  0.15680800E+00,  0.52798716E+00,  0.17157956E+00
     2580.,  0.97740250E-02,  0.90689698E-02,  0.65628041E-01,  0.15843498E+00,  0.52841907E+00,  0.13402182E+00
     2581.,  0.15016148E-01,  0.72313957E-02,  0.65628041E-01,  0.15700866E+00,  0.53054071E+00,  0.13451302E+00
     2582.,  0.12012918E-01,  0.57851165E-02,  0.65628041E-01,  0.15855967E+00,  0.53000580E+00,  0.10506892E+00
     2583.,  0.16480514E-01,  0.24840378E-02,  0.65628041E-01,  0.15861292E+00,  0.53253751E+00,  0.85494400E-01
     2584.,  0.13184411E-01,  0.19872302E-02,  0.65628041E-01,  0.15955652E+00,  0.53124658E+00,  0.66780182E-01
     2585.,  0.16480514E-01, -0.24840378E-02,  0.65628041E-01,  0.16106326E+00,  0.53328363E+00,  0.28879221E-01
     2586.,  0.13184411E-01, -0.19872302E-02,  0.65628041E-01,  0.16107912E+00,  0.53171020E+00,  0.22557722E-01
     2587.,  0.15016148E-01, -0.72313957E-02,  0.65628041E-01,  0.16350813E+00,  0.53251977E+00, -0.30301990E-01
     2588.,  0.12012918E-01, -0.57851165E-02,  0.65628041E-01,  0.16259832E+00,  0.53123555E+00, -0.23669079E-01
     2589.,  0.12217531E-01, -0.11336212E-01,  0.65628041E-01,  0.16509788E+00,  0.53051139E+00, -0.86790732E-01
     2590.,  0.97740250E-02, -0.90689698E-02,  0.65628041E-01,  0.16358616E+00,  0.52998758E+00, -0.67792775E-01
     2591.,  0.83333333E-02, -0.14433757E-01,  0.65628041E-01,  0.16528003E+00,  0.52795645E+00, -0.13556775E+00
     2592.,  0.66666667E-02, -0.11547005E-01,  0.65628041E-01,  0.16369934E+00,  0.52839998E+00, -0.10589279E+00
     2593.,  0.37086822E-02, -0.16248799E-01,  0.65628041E-01,  0.16399127E+00,  0.52574286E+00, -0.17229898E+00
     2594.,  0.29669458E-02, -0.12999039E-01,  0.65628041E-01,  0.16289853E+00,  0.52702450E+00, -0.13458378E+00
     2595., -0.12455016E-02, -0.16620063E-01,  0.65628041E-01,  0.16167949E+00,  0.52463988E+00, -0.19372068E+00
     2596., -0.99640125E-03, -0.13296051E-01,  0.65628041E-01,  0.16146202E+00,  0.52633913E+00, -0.15131639E+00
     2597., -0.60890171E-02, -0.15514562E-01,  0.65628041E-01,  0.15914807E+00,  0.52503082E+00, -0.19792944E+00
     2598., -0.48712137E-02, -0.12411650E-01,  0.65628041E-01,  0.15988904E+00,  0.52658205E+00, -0.15460388E+00
     2599., -0.10391497E-01, -0.13030525E-01,  0.65628041E-01,  0.15727674E+00,  0.52677985E+00, -0.18455131E+00
     2600., -0.83131974E-02, -0.10424420E-01,  0.65628041E-01,  0.15872623E+00,  0.52766887E+00, -0.14415414E+00
     2601., -0.13770646E-01, -0.93886676E-02,  0.65628041E-01,  0.15671584E+00,  0.52927912E+00, -0.15477499E+00
     2602., -0.11016517E-01, -0.75109341E-02,  0.65628041E-01,  0.15837770E+00,  0.52922188E+00, -0.12089567E+00
     2603., -0.15926213E-01, -0.49125862E-02,  0.65628041E-01,  0.15766028E+00,  0.53166009E+00, -0.11124624E+00
     2604., -0.12740971E-01, -0.39300690E-02,  0.65628041E-01,  0.15896457E+00,  0.53070137E+00, -0.86895099E-01
     2605., -0.16666667E-01,  0.20410780E-17,  0.59715332E-01,  0.18194874E+00,  0.60708674E+00, -0.54298734E-01
     2606., -0.13333333E-01,  0.16328624E-17,  0.59715332E-01,  0.18252157E+00,  0.60536916E+00, -0.42413899E-01
     2607., -0.15926213E-01,  0.49125862E-02,  0.59715332E-01,  0.18487768E+00,  0.60707613E+00,  0.67544895E-03
     2608., -0.12740971E-01,  0.39300690E-02,  0.59715332E-01,  0.18434166E+00,  0.60536256E+00,  0.52761585E-03
     2609., -0.13770646E-01,  0.93886676E-02,  0.59715332E-01,  0.18729170E+00,  0.60541743E+00,  0.55589604E-01
     2610., -0.11016517E-01,  0.75109341E-02,  0.59715332E-01,  0.18584177E+00,  0.60433182E+00,  0.43422240E-01
     2611., -0.10391497E-01,  0.13030525E-01,  0.59715332E-01,  0.18835188E+00,  0.60268708E+00,  0.10556438E+00
     2612., -0.83131974E-02,  0.10424420E-01,  0.59715332E-01,  0.18650058E+00,  0.60263514E+00,  0.82458612E-01
     2613., -0.60890171E-02,  0.15514562E-01,  0.59715332E-01,  0.18768979E+00,  0.59983395E+00,  0.14615931E+00
     2614., -0.48712137E-02,  0.12411650E-01,  0.59715332E-01,  0.18608915E+00,  0.60086216E+00,  0.11416818E+00
     2615., -0.12455016E-02,  0.16620063E-01,  0.59715332E-01,  0.18553551E+00,  0.59784955E+00,  0.17376734E+00
     2616., -0.99640125E-03,  0.13296051E-01,  0.59715332E-01,  0.18475045E+00,  0.59962903E+00,  0.13573340E+00
     2617.,  0.37086822E-02,  0.16248799E-01,  0.59715332E-01,  0.18263772E+00,  0.59742351E+00,  0.18593538E+00
     2618.,  0.29669458E-02,  0.12999039E-01,  0.59715332E-01,  0.18294972E+00,  0.59936428E+00,  0.14523811E+00
     2619.,  0.83333333E-02,  0.14433757E-01,  0.59715332E-01,  0.18000346E+00,  0.59870387E+00,  0.18158223E+00
     2620.,  0.66666667E-02,  0.11547005E-01,  0.59715332E-01,  0.18131274E+00,  0.60015991E+00,  0.14183778E+00
     2621.,  0.12217531E-01,  0.11336212E-01,  0.59715332E-01,  0.17854818E+00,  0.60124569E+00,  0.16109472E+00
     2622.,  0.97740250E-02,  0.90689698E-02,  0.59715332E-01,  0.18040842E+00,  0.60173944E+00,  0.12583454E+00
     2623.,  0.15016148E-01,  0.72313957E-02,  0.59715332E-01,  0.17877764E+00,  0.60416562E+00,  0.12629323E+00
     2624.,  0.12012918E-01,  0.57851165E-02,  0.59715332E-01,  0.18055100E+00,  0.60355392E+00,  0.98650349E-01
     2625.,  0.16480514E-01,  0.24840378E-02,  0.59715332E-01,  0.18061208E+00,  0.60644892E+00,  0.80270037E-01
     2626.,  0.13184411E-01,  0.19872302E-02,  0.59715332E-01,  0.18169095E+00,  0.60497280E+00,  0.62700642E-01
     2627.,  0.16480514E-01, -0.24840378E-02,  0.59715332E-01,  0.18341399E+00,  0.60730209E+00,  0.27114484E-01
     2628.,  0.13184411E-01, -0.19872302E-02,  0.59715332E-01,  0.18343209E+00,  0.60550297E+00,  0.21179697E-01
     2629.,  0.15016148E-01, -0.72313957E-02,  0.59715332E-01,  0.18620965E+00,  0.60642864E+00, -0.28450295E-01
     2630.,  0.12012918E-01, -0.57851165E-02,  0.59715332E-01,  0.18516935E+00,  0.60496019E+00, -0.22223145E-01
     2631.,  0.12217531E-01, -0.11336212E-01,  0.59715332E-01,  0.18802749E+00,  0.60413210E+00, -0.81487139E-01
     2632.,  0.97740250E-02, -0.90689698E-02,  0.59715332E-01,  0.18629899E+00,  0.60353309E+00, -0.63651361E-01
     2633.,  0.83333333E-02, -0.14433757E-01,  0.59715332E-01,  0.18823578E+00,  0.60121058E+00, -0.12728350E+00
     2634.,  0.66666667E-02, -0.11547005E-01,  0.59715332E-01,  0.18642842E+00,  0.60171762E+00, -0.99423882E-01
     2635.,  0.37086822E-02, -0.16248799E-01,  0.59715332E-01,  0.18676212E+00,  0.59867938E+00, -0.16177017E+00
     2636.,  0.29669458E-02, -0.12999039E-01,  0.59715332E-01,  0.18551266E+00,  0.60014470E+00, -0.12636216E+00
     2637., -0.12455016E-02, -0.16620063E-01,  0.59715332E-01,  0.18411864E+00,  0.59741815E+00, -0.18188284E+00
     2638., -0.99640125E-03, -0.13296051E-01,  0.59715332E-01,  0.18386996E+00,  0.59936095E+00, -0.14207259E+00
     2639., -0.60890171E-02, -0.15514562E-01,  0.59715332E-01,  0.18122402E+00,  0.59786518E+00, -0.18583442E+00
     2640., -0.48712137E-02, -0.12411650E-01,  0.59715332E-01,  0.18207120E+00,  0.59963875E+00, -0.14515925E+00
     2641., -0.10391497E-01, -0.13030525E-01,  0.59715332E-01,  0.17908419E+00,  0.59986515E+00, -0.17327380E+00
     2642., -0.83131974E-02, -0.10424420E-01,  0.59715332E-01,  0.18074149E+00,  0.60088155E+00, -0.13534788E+00
     2643., -0.13770646E-01, -0.93886676E-02,  0.59715332E-01,  0.17844281E+00,  0.60272301E+00, -0.14531705E+00
     2644., -0.11016517E-01, -0.75109341E-02,  0.59715332E-01,  0.18034293E+00,  0.60265748E+00, -0.11351026E+00
     2645., -0.15926213E-01, -0.49125862E-02,  0.59715332E-01,  0.17952276E+00,  0.60544560E+00, -0.10444824E+00
     2646., -0.12740971E-01, -0.39300690E-02,  0.59715332E-01,  0.18101403E+00,  0.60434933E+00, -0.81586753E-01
     2647., -0.16666667E-01,  0.20410780E-17,  0.54020058E-01,  0.20189438E+00,  0.67366101E+00, -0.50462978E-01
     2648., -0.13333333E-01,  0.16328624E-17,  0.54020058E-01,  0.20253164E+00,  0.67175010E+00, -0.39418452E-01
     2649., -0.15926213E-01,  0.49125862E-02,  0.54020058E-01,  0.20515311E+00,  0.67364920E+00,  0.62772998E-03
     2650., -0.12740971E-01,  0.39300690E-02,  0.54020058E-01,  0.20455676E+00,  0.67174275E+00,  0.49034776E-03
     2651., -0.13770646E-01,  0.93886676E-02,  0.54020058E-01,  0.20783895E+00,  0.67180374E+00,  0.51662651E-01
     2652., -0.11016517E-01,  0.75109341E-02,  0.54020058E-01,  0.20622586E+00,  0.67059590E+00,  0.40355569E-01
     2653., -0.10391497E-01,  0.13030525E-01,  0.54020058E-01,  0.20901851E+00,  0.66876595E+00,  0.98107124E-01
     2654., -0.83131974E-02,  0.10424420E-01,  0.54020058E-01,  0.20695889E+00,  0.66870809E+00,  0.76635025E-01
     2655., -0.60890171E-02,  0.15514562E-01,  0.54020058E-01,  0.20828187E+00,  0.66559155E+00,  0.13583436E+00
     2656., -0.48712137E-02,  0.12411650E-01,  0.54020058E-01,  0.20650111E+00,  0.66673538E+00,  0.10610513E+00
     2657., -0.12455016E-02,  0.16620063E-01,  0.54020058E-01,  0.20588503E+00,  0.66338372E+00,  0.16149211E+00
     2658., -0.99640125E-03,  0.13296051E-01,  0.54020058E-01,  0.20501161E+00,  0.66536334E+00,  0.12614732E+00
     2659.,  0.37086822E-02,  0.16248799E-01,  0.54020058E-01,  0.20266095E+00,  0.66290970E+00,  0.17280057E+00
     2660.,  0.29669458E-02,  0.12999039E-01,  0.54020058E-01,  0.20300802E+00,  0.66506876E+00,  0.13498077E+00
     2661.,  0.83333333E-02,  0.14433757E-01,  0.54020058E-01,  0.19973006E+00,  0.66433422E+00,  0.16875494E+00
     2662.,  0.66666667E-02,  0.11547005E-01,  0.54020058E-01,  0.20118664E+00,  0.66595402E+00,  0.13182059E+00
     2663.,  0.12217531E-01,  0.11336212E-01,  0.54020058E-01,  0.19811092E+00,  0.66716226E+00,  0.14971470E+00
     2664.,  0.97740250E-02,  0.90689698E-02,  0.54020058E-01,  0.20018044E+00,  0.66771148E+00,  0.11694756E+00
     2665.,  0.15016148E-01,  0.72313957E-02,  0.54020058E-01,  0.19836622E+00,  0.67041097E+00,  0.11737166E+00
     2666.,  0.12012918E-01,  0.57851165E-02,  0.54020058E-01,  0.20033909E+00,  0.66973037E+00,  0.91683240E-01
     2667.,  0.16480514E-01,  0.24840378E-02,  0.54020058E-01,  0.20040721E+00,  0.67295137E+00,  0.74599622E-01
     2668.,  0.13184411E-01,  0.19872302E-02,  0.54020058E-01,  0.20160745E+00,  0.67130908E+00,  0.58272456E-01
     2669.,  0.16480514E-01, -0.24840378E-02,  0.54020058E-01,  0.20352462E+00,  0.67390061E+00,  0.25199072E-01
     2670.,  0.13184411E-01, -0.19872302E-02,  0.54020058E-01,  0.20354474E+00,  0.67189898E+00,  0.19683900E-01
     2671.,  0.15016148E-01, -0.72313957E-02,  0.54020058E-01,  0.20663507E+00,  0.67292881E+00, -0.26440512E-01
     2672.,  0.12012918E-01, -0.57851165E-02,  0.54020058E-01,  0.20547770E+00,  0.67129506E+00, -0.20653646E-01
     2673.,  0.12217531E-01, -0.11336212E-01,  0.54020058E-01,  0.20865761E+00,  0.67037368E+00, -0.75730739E-01
     2674.,  0.97740250E-02, -0.90689698E-02,  0.54020058E-01,  0.20673459E+00,  0.66970720E+00, -0.59156024E-01
     2675.,  0.83333333E-02, -0.14433757E-01,  0.54020058E-01,  0.20888935E+00,  0.66712320E+00, -0.11829197E+00
     2676.,  0.66666667E-02, -0.11547005E-01,  0.54020058E-01,  0.20687860E+00,  0.66768721E+00, -0.92402137E-01
     2677.,  0.37086822E-02, -0.16248799E-01,  0.54020058E-01,  0.20724975E+00,  0.66430699E+00, -0.15034243E+00
     2678.,  0.29669458E-02, -0.12999039E-01,  0.54020058E-01,  0.20585969E+00,  0.66593710E+00, -0.11743791E+00
     2679., -0.12455016E-02, -0.16620063E-01,  0.54020058E-01,  0.20430863E+00,  0.66290374E+00, -0.16903431E+00
     2680., -0.99640125E-03, -0.13296051E-01,  0.54020058E-01,  0.20403194E+00,  0.66506506E+00, -0.13203881E+00
     2681., -0.60890171E-02, -0.15514562E-01,  0.54020058E-01,  0.20108807E+00,  0.66340111E+00, -0.17270675E+00
     2682., -0.48712137E-02, -0.12411650E-01,  0.54020058E-01,  0.20203055E+00,  0.66537415E+00, -0.13490748E+00
     2683., -0.10391497E-01, -0.13030525E-01,  0.54020058E-01,  0.19870730E+00,  0.66562627E+00, -0.16103343E+00
     2684., -0.83131974E-02, -0.10424420E-01,  0.54020058E-01,  0.20055104E+00,  0.66675696E+00, -0.12578903E+00
     2685., -0.13770646E-01, -0.93886676E-02,  0.54020058E-01,  0.19799369E+00,  0.66880592E+00, -0.13505159E+00
     2686., -0.11016517E-01, -0.75109341E-02,  0.54020058E-01,  0.20010758E+00,  0.66873293E+00, -0.10549368E+00
     2687., -0.15926213E-01, -0.49125862E-02,  0.54020058E-01,  0.19919524E+00,  0.67183507E+00, -0.97069830E-01
     2688., -0.12740971E-01, -0.39300690E-02,  0.54020058E-01,  0.20085428E+00,  0.67061538E+00, -0.75824750E-01
     2689., -0.16666667E-01,  0.20410780E-17,  0.48534222E-01,  0.21965520E+00,  0.73293984E+00, -0.46397149E-01
     2690., -0.13333333E-01,  0.16328624E-17,  0.48534222E-01,  0.22034964E+00,  0.73085733E+00, -0.36243127E-01
     2691., -0.15926213E-01,  0.49125862E-02,  0.48534222E-01,  0.22320669E+00,  0.73292697E+00,  0.57715181E-03
     2692., -0.12740971E-01,  0.39300690E-02,  0.48534222E-01,  0.22255678E+00,  0.73084933E+00,  0.45084573E-03
     2693., -0.13770646E-01,  0.93886676E-02,  0.48534222E-01,  0.22613382E+00,  0.73091572E+00,  0.47500160E-01
     2694., -0.11016517E-01,  0.75109341E-02,  0.48534222E-01,  0.22437590E+00,  0.72959939E+00,  0.37104750E-01
     2695., -0.10391497E-01,  0.13030525E-01,  0.48534222E-01,  0.22741935E+00,  0.72760503E+00,  0.90202573E-01
     2696., -0.83131974E-02,  0.10424420E-01,  0.48534222E-01,  0.22517482E+00,  0.72754190E+00,  0.70461739E-01
     2697., -0.60890171E-02,  0.15514562E-01,  0.48534222E-01,  0.22661653E+00,  0.72414545E+00,  0.12489010E+00
     2698., -0.48712137E-02,  0.12411650E-01,  0.48534222E-01,  0.22467589E+00,  0.72539189E+00,  0.97557901E-01
     2699., -0.12455016E-02,  0.16620063E-01,  0.48534222E-01,  0.22400436E+00,  0.72173926E+00,  0.14848059E+00
     2700., -0.99640125E-03,  0.13296051E-01,  0.48534222E-01,  0.22305251E+00,  0.72389652E+00,  0.11598561E+00
     2701.,  0.37086822E-02,  0.16248799E-01,  0.48534222E-01,  0.22049063E+00,  0.72122266E+00,  0.15887793E+00
     2702.,  0.29669458E-02,  0.12999039E-01,  0.48534222E-01,  0.22086884E+00,  0.72357547E+00,  0.12410748E+00
     2703.,  0.83333333E-02,  0.14433757E-01,  0.48534222E-01,  0.21729644E+00,  0.72277516E+00,  0.15515826E+00
     2704.,  0.66666667E-02,  0.11547005E-01,  0.48534222E-01,  0.21888376E+00,  0.72454029E+00,  0.12120186E+00
     2705.,  0.12217531E-01,  0.11336212E-01,  0.48534222E-01,  0.21553185E+00,  0.72585726E+00,  0.13765210E+00
     2706.,  0.97740250E-02,  0.90689698E-02,  0.48534222E-01,  0.21778712E+00,  0.72645572E+00,  0.10752693E+00
     2707.,  0.15016148E-01,  0.72313957E-02,  0.48534222E-01,  0.21581008E+00,  0.72939784E+00,  0.10791496E+00
     2708.,  0.12012918E-01,  0.57851165E-02,  0.48534222E-01,  0.21796003E+00,  0.72865607E+00,  0.84297759E-01
     2709.,  0.16480514E-01,  0.24840378E-02,  0.48534222E-01,  0.21803443E+00,  0.73216646E+00,  0.68589089E-01
     2710.,  0.13184411E-01,  0.19872302E-02,  0.48534222E-01,  0.21934239E+00,  0.73037668E+00,  0.53578359E-01
     2711.,  0.16480514E-01, -0.24840378E-02,  0.48534222E-01,  0.22143190E+00,  0.73320098E+00,  0.23168771E-01
     2712.,  0.13184411E-01, -0.19872302E-02,  0.48534222E-01,  0.22145381E+00,  0.73101960E+00,  0.18098279E-01
     2713.,  0.15016148E-01, -0.72313957E-02,  0.48534222E-01,  0.22482179E+00,  0.73214187E+00, -0.24310183E-01
     2714.,  0.12012918E-01, -0.57851165E-02,  0.48534222E-01,  0.22356051E+00,  0.73036140E+00, -0.18989904E-01
     2715.,  0.12217531E-01, -0.11336212E-01,  0.48534222E-01,  0.22702603E+00,  0.72935720E+00, -0.69629068E-01
     2716.,  0.97740250E-02, -0.90689698E-02,  0.48534222E-01,  0.22493037E+00,  0.72863081E+00, -0.54390747E-01
     2717.,  0.83333333E-02, -0.14433757E-01,  0.48534222E-01,  0.22727859E+00,  0.72581470E+00, -0.10876111E+00
     2718.,  0.66666667E-02, -0.11547005E-01,  0.48534222E-01,  0.22508732E+00,  0.72642927E+00, -0.84958741E-01
     2719.,  0.37086822E-02, -0.16248799E-01,  0.48534222E-01,  0.22549170E+00,  0.72274548E+00, -0.13822926E+00
     2720.,  0.29669458E-02, -0.12999039E-01,  0.48534222E-01,  0.22397683E+00,  0.72452185E+00, -0.10797778E+00
     2721., -0.12455016E-02, -0.16620063E-01,  0.48534222E-01,  0.22228635E+00,  0.72121616E+00, -0.15541512E+00
     2722., -0.99640125E-03, -0.13296051E-01,  0.48534222E-01,  0.22198480E+00,  0.72357143E+00, -0.12140251E+00
     2723., -0.60890171E-02, -0.15514562E-01,  0.48534222E-01,  0.21877646E+00,  0.72175821E+00, -0.15879167E+00
     2724., -0.48712137E-02, -0.12411650E-01,  0.48534222E-01,  0.21980352E+00,  0.72390830E+00, -0.12404010E+00
     2725., -0.10391497E-01, -0.13030525E-01,  0.48534222E-01,  0.21618180E+00,  0.72418327E+00, -0.14805887E+00
     2726., -0.83131974E-02, -0.10424420E-01,  0.48534222E-01,  0.21819103E+00,  0.72541540E+00, -0.11565618E+00
     2727., -0.13770646E-01, -0.93886676E-02,  0.48534222E-01,  0.21540408E+00,  0.72764859E+00, -0.12417041E+00
     2728., -0.11016517E-01, -0.75109341E-02,  0.48534222E-01,  0.21770771E+00,  0.72756898E+00, -0.96995707E-01
     2729., -0.15926213E-01, -0.49125862E-02,  0.48534222E-01,  0.21671358E+00,  0.73094986E+00, -0.89248859E-01
     2730., -0.12740971E-01, -0.39300690E-02,  0.48534222E-01,  0.21852152E+00,  0.72962062E+00, -0.69716739E-01
     2731., -0.16666667E-01,  0.20410780E-17,  0.43250125E-01,  0.23529548E+00,  0.78513803E+00, -0.42165298E-01
     2732., -0.13333333E-01,  0.16328624E-17,  0.43250125E-01,  0.23604009E+00,  0.78290495E+00, -0.32937968E-01
     2733., -0.15926213E-01,  0.49125862E-02,  0.43250125E-01,  0.23910382E+00,  0.78512423E+00,  0.52450981E-03
     2734., -0.12740971E-01,  0.39300690E-02,  0.43250125E-01,  0.23840693E+00,  0.78289638E+00,  0.40973026E-03
     2735., -0.13770646E-01,  0.93886676E-02,  0.43250125E-01,  0.24224265E+00,  0.78296751E+00,  0.43167704E-01
     2736., -0.11016517E-01,  0.75109341E-02,  0.43250125E-01,  0.24035766E+00,  0.78155601E+00,  0.33721014E-01
     2737., -0.10391497E-01,  0.13030525E-01,  0.43250125E-01,  0.24362115E+00,  0.77941738E+00,  0.81975261E-01
     2738., -0.83131974E-02,  0.10424420E-01,  0.43250125E-01,  0.24121439E+00,  0.77934965E+00,  0.64036041E-01
     2739., -0.60890171E-02,  0.15514562E-01,  0.43250125E-01,  0.24276026E+00,  0.77570760E+00,  0.11349897E+00
     2740., -0.48712137E-02,  0.12411650E-01,  0.43250125E-01,  0.24067936E+00,  0.77704407E+00,  0.88661192E-01
     2741., -0.12455016E-02,  0.16620063E-01,  0.43250125E-01,  0.23995918E+00,  0.77312740E+00,  0.13493778E+00
     2742., -0.99640125E-03,  0.13296051E-01,  0.43250125E-01,  0.23893852E+00,  0.77544051E+00,  0.10540840E+00
     2743.,  0.37086822E-02,  0.16248799E-01,  0.43250125E-01,  0.23619133E+00,  0.77257343E+00,  0.14438678E+00
     2744.,  0.29669458E-02,  0.12999039E-01,  0.43250125E-01,  0.23659686E+00,  0.77509622E+00,  0.11278961E+00
     2745.,  0.83333333E-02,  0.14433757E-01,  0.43250125E-01,  0.23276613E+00,  0.77423821E+00,  0.14100638E+00
     2746.,  0.66666667E-02,  0.11547005E-01,  0.43250125E-01,  0.23446814E+00,  0.77613086E+00,  0.11014897E+00
     2747.,  0.12217531E-01,  0.11336212E-01,  0.43250125E-01,  0.23087391E+00,  0.77754322E+00,  0.12509695E+00
     2748.,  0.97740250E-02,  0.90689698E-02,  0.43250125E-01,  0.23329216E+00,  0.77818488E+00,  0.97721106E-01
     2749.,  0.15016148E-01,  0.72313957E-02,  0.43250125E-01,  0.23117226E+00,  0.78133986E+00,  0.98072110E-01
     2750.,  0.12012918E-01,  0.57851165E-02,  0.43250125E-01,  0.23347758E+00,  0.78054443E+00,  0.76610299E-01
     2751.,  0.16480514E-01,  0.24840378E-02,  0.43250125E-01,  0.23355749E+00,  0.78430872E+00,  0.62333126E-01
     2752.,  0.13184411E-01,  0.19872302E-02,  0.43250125E-01,  0.23495996E+00,  0.78238954E+00,  0.48692329E-01
     2753.,  0.16480514E-01, -0.24840378E-02,  0.43250125E-01,  0.23720068E+00,  0.78541805E+00,  0.21055563E-01
     2754.,  0.13184411E-01, -0.19872302E-02,  0.43250125E-01,  0.23722415E+00,  0.78307897E+00,  0.16447824E-01
     2755.,  0.15016148E-01, -0.72313957E-02,  0.43250125E-01,  0.24083573E+00,  0.78428235E+00, -0.22092869E-01
     2756.,  0.12012918E-01, -0.57851165E-02,  0.43250125E-01,  0.23948328E+00,  0.78237315E+00, -0.17258135E-01
     2757.,  0.12217531E-01, -0.11336212E-01,  0.43250125E-01,  0.24319938E+00,  0.78129628E+00, -0.63278250E-01
     2758.,  0.97740250E-02, -0.90689698E-02,  0.43250125E-01,  0.24095225E+00,  0.78051735E+00, -0.49430629E-01
     2759.,  0.83333333E-02, -0.14433757E-01,  0.43250125E-01,  0.24347021E+00,  0.77749757E+00, -0.98841089E-01
     2760.,  0.66666667E-02, -0.11547005E-01,  0.43250125E-01,  0.24112057E+00,  0.77815651E+00, -0.77211002E-01
     2761.,  0.37086822E-02, -0.16248799E-01,  0.43250125E-01,  0.24155409E+00,  0.77420639E+00, -0.12562146E+00
     2762.,  0.29669458E-02, -0.12999039E-01,  0.43250125E-01,  0.23992972E+00,  0.77611108E+00, -0.98130840E-01
     2763., -0.12455016E-02, -0.16620063E-01,  0.43250125E-01,  0.23811692E+00,  0.77256646E+00, -0.14123982E+00
     2764., -0.99640125E-03, -0.13296051E-01,  0.43250125E-01,  0.23779357E+00,  0.77509190E+00, -0.11033132E+00
     2765., -0.60890171E-02, -0.15514562E-01,  0.43250125E-01,  0.23435318E+00,  0.77314771E+00, -0.14430839E+00
     2766., -0.48712137E-02, -0.12411650E-01,  0.43250125E-01,  0.23545446E+00,  0.77545314E+00, -0.11272837E+00
     2767., -0.10391497E-01, -0.13030525E-01,  0.43250125E-01,  0.23157087E+00,  0.77574816E+00, -0.13455453E+00
     2768., -0.83131974E-02, -0.10424420E-01,  0.43250125E-01,  0.23372529E+00,  0.77706928E+00, -0.10510902E+00
     2769., -0.13770646E-01, -0.93886676E-02,  0.43250125E-01,  0.23073691E+00,  0.77946409E+00, -0.11284491E+00
     2770., -0.11016517E-01, -0.75109341E-02,  0.43250125E-01,  0.23320700E+00,  0.77937868E+00, -0.88150269E-01
     2771., -0.15926213E-01, -0.49125862E-02,  0.43250125E-01,  0.23214111E+00,  0.78300412E+00, -0.81108535E-01
     2772., -0.12740971E-01, -0.39300690E-02,  0.43250125E-01,  0.23407970E+00,  0.78157876E+00, -0.63358984E-01
     2773., -0.16666667E-01,  0.20410780E-17,  0.38160345E-01,  0.24890077E+00,  0.83054144E+00, -0.37824043E-01
     2774., -0.13333333E-01,  0.16328624E-17,  0.38160345E-01,  0.24968885E+00,  0.82817795E+00, -0.29547230E-01
     2775., -0.15926213E-01,  0.49125862E-02,  0.38160345E-01,  0.25293156E+00,  0.83052684E+00,  0.47050781E-03
     2776., -0.12740971E-01,  0.39300690E-02,  0.38160345E-01,  0.25219397E+00,  0.82816888E+00,  0.36755010E-03
     2777., -0.13770646E-01,  0.93886676E-02,  0.38160345E-01,  0.25625373E+00,  0.82824415E+00,  0.38723244E-01
     2778., -0.11016517E-01,  0.75109341E-02,  0.38160345E-01,  0.25425869E+00,  0.82675019E+00,  0.30249664E-01
     2779., -0.10391497E-01,  0.13030525E-01,  0.38160345E-01,  0.25771275E+00,  0.82448665E+00,  0.73535253E-01
     2780., -0.83131974E-02,  0.10424420E-01,  0.38160345E-01,  0.25516547E+00,  0.82441491E+00,  0.57443966E-01
     2781., -0.60890171E-02,  0.15514562E-01,  0.38160345E-01,  0.25680158E+00,  0.82056018E+00,  0.10181334E+00
     2782., -0.48712137E-02,  0.12411650E-01,  0.38160345E-01,  0.25459918E+00,  0.82197462E+00,  0.79534126E-01
     2783., -0.12455016E-02,  0.16620063E-01,  0.38160345E-01,  0.25383689E+00,  0.81782926E+00,  0.12104486E+00
     2784., -0.99640125E-03,  0.13296051E-01,  0.38160345E-01,  0.25275663E+00,  0.82027737E+00,  0.94557325E-01
     2785.,  0.37086822E-02,  0.16248799E-01,  0.38160345E-01,  0.24984895E+00,  0.81724294E+00,  0.12952101E+00
     2786.,  0.29669458E-02,  0.12999039E-01,  0.38160345E-01,  0.25027814E+00,  0.81991296E+00,  0.10117869E+00
     2787.,  0.83333333E-02,  0.14433757E-01,  0.38160345E-01,  0.24622368E+00,  0.81900496E+00,  0.12648865E+00
     2788.,  0.66666667E-02,  0.11547005E-01,  0.38160345E-01,  0.24802505E+00,  0.82100806E+00,  0.98809882E-01
     2789.,  0.12217531E-01,  0.11336212E-01,  0.38160345E-01,  0.24422094E+00,  0.82250302E+00,  0.11221722E+00
     2790.,  0.97740250E-02,  0.90689698E-02,  0.38160345E-01,  0.24678035E+00,  0.82318209E+00,  0.87661385E-01
     2791.,  0.15016148E-01,  0.72313957E-02,  0.38160345E-01,  0.24453672E+00,  0.82652142E+00,  0.87974801E-01
     2792.,  0.12012918E-01,  0.57851165E-02,  0.38160345E-01,  0.24697660E+00,  0.82567951E+00,  0.68723792E-01
     2793.,  0.16480514E-01,  0.24840378E-02,  0.38160345E-01,  0.24706127E+00,  0.82966369E+00,  0.55915433E-01
     2794.,  0.13184411E-01,  0.19872302E-02,  0.38160345E-01,  0.24854560E+00,  0.82763242E+00,  0.43679786E-01
     2795.,  0.16480514E-01, -0.24840378E-02,  0.38160345E-01,  0.25091726E+00,  0.83083783E+00,  0.18887724E-01
     2796.,  0.13184411E-01, -0.19872302E-02,  0.38160345E-01,  0.25094208E+00,  0.82836214E+00,  0.14754633E-01
     2797.,  0.15016148E-01, -0.72313957E-02,  0.38160345E-01,  0.25476464E+00,  0.82963579E+00, -0.19818233E-01
     2798.,  0.12012918E-01, -0.57851165E-02,  0.38160345E-01,  0.25333322E+00,  0.82761508E+00, -0.15481526E-01
     2799.,  0.12217531E-01, -0.11336212E-01,  0.38160345E-01,  0.25726636E+00,  0.82647530E+00, -0.56763249E-01
     2800.,  0.97740250E-02, -0.90689698E-02,  0.38160345E-01,  0.25488803E+00,  0.82565084E+00, -0.44342082E-01
     2801.,  0.83333333E-02, -0.14433757E-01,  0.38160345E-01,  0.25755300E+00,  0.82245471E+00, -0.88664610E-01
     2802.,  0.66666667E-02, -0.11547005E-01,  0.38160345E-01,  0.25506617E+00,  0.82315206E+00, -0.69262655E-01
     2803.,  0.37086822E-02, -0.16248799E-01,  0.38160345E-01,  0.25552496E+00,  0.81897128E+00, -0.11268773E+00
     2804.,  0.29669458E-02, -0.12999039E-01,  0.38160345E-01,  0.25380575E+00,  0.82098712E+00, -0.88028938E-01
     2805., -0.12455016E-02, -0.16620063E-01,  0.38160345E-01,  0.25188702E+00,  0.81723556E+00, -0.12669805E+00
     2806., -0.99640125E-03, -0.13296051E-01,  0.38160345E-01,  0.25154478E+00,  0.81990839E+00, -0.98973459E-01
     2807., -0.60890171E-02, -0.15514562E-01,  0.38160345E-01,  0.24790344E+00,  0.81785076E+00, -0.12945069E+00
     2808., -0.48712137E-02, -0.12411650E-01,  0.38160345E-01,  0.24906899E+00,  0.82029073E+00, -0.10112375E+00
     2809., -0.10391497E-01, -0.13030525E-01,  0.38160345E-01,  0.24495861E+00,  0.82060311E+00, -0.12070107E+00
     2810., -0.83131974E-02, -0.10424420E-01,  0.38160345E-01,  0.24723880E+00,  0.82200130E+00, -0.94288760E-01
     2811., -0.13770646E-01, -0.93886676E-02,  0.38160345E-01,  0.24407594E+00,  0.82453609E+00, -0.10122663E+00
     2812., -0.11016517E-01, -0.75109341E-02,  0.38160345E-01,  0.24669022E+00,  0.82444564E+00, -0.79075800E-01
     2813., -0.15926213E-01, -0.49125862E-02,  0.38160345E-01,  0.24556215E+00,  0.82828290E+00, -0.72757763E-01
     2814., -0.12740971E-01, -0.39300690E-02,  0.38160345E-01,  0.24761390E+00,  0.82677427E+00, -0.56836609E-01
     2815., -0.16666667E-01,  0.20410780E-17,  0.33257738E-01,  0.26057228E+00,  0.86948822E+00, -0.33422865E-01
     2816., -0.13333333E-01,  0.16328624E-17,  0.33257738E-01,  0.26139742E+00,  0.86701335E+00, -0.26109605E-01
     2817., -0.15926213E-01,  0.49125862E-02,  0.33257738E-01,  0.26479290E+00,  0.86947292E+00,  0.41576035E-03
     2818., -0.12740971E-01,  0.39300690E-02,  0.33257738E-01,  0.26402055E+00,  0.86700384E+00,  0.32478752E-03
     2819., -0.13770646E-01,  0.93886676E-02,  0.33257738E-01,  0.26827154E+00,  0.86708272E+00,  0.34217438E-01
     2820., -0.11016517E-01,  0.75109341E-02,  0.33257738E-01,  0.26618253E+00,  0.86551833E+00,  0.26730315E-01
     2821., -0.10391497E-01,  0.13030525E-01,  0.33257738E-01,  0.26979927E+00,  0.86314826E+00,  0.64978746E-01
     2822., -0.83131974E-02,  0.10424420E-01,  0.33257738E-01,  0.26713202E+00,  0.86307305E+00,  0.50760739E-01
     2823., -0.60890171E-02,  0.15514562E-01,  0.33257738E-01,  0.26884519E+00,  0.85903686E+00,  0.89966416E-01
     2824., -0.48712137E-02,  0.12411650E-01,  0.33257738E-01,  0.26653906E+00,  0.86051781E+00,  0.70280855E-01
     2825., -0.12455016E-02,  0.16620063E-01,  0.33257738E-01,  0.26574086E+00,  0.85617733E+00,  0.10696017E+00
     2826., -0.99640125E-03,  0.13296051E-01,  0.33257738E-01,  0.26460972E+00,  0.85874061E+00,  0.83556204E-01
     2827.,  0.37086822E-02,  0.16248799E-01,  0.33257738E-01,  0.26156511E+00,  0.85556339E+00,  0.11445004E+00
     2828.,  0.29669458E-02,  0.12999039E-01,  0.33257738E-01,  0.26201448E+00,  0.85835904E+00,  0.89407216E-01
     2829.,  0.83333333E-02,  0.14433757E-01,  0.33257738E-01,  0.25776910E+00,  0.85740840E+00,  0.11177052E+00
     2830.,  0.66666667E-02,  0.11547005E-01,  0.33257738E-01,  0.25965525E+00,  0.85950571E+00,  0.87314005E-01
     2831.,  0.12217531E-01,  0.11336212E-01,  0.33257738E-01,  0.25567203E+00,  0.86107121E+00,  0.99159708E-01
     2832.,  0.97740250E-02,  0.90689698E-02,  0.33257738E-01,  0.25835192E+00,  0.86178215E+00,  0.77462562E-01
     2833.,  0.15016148E-01,  0.72313957E-02,  0.33257738E-01,  0.25600268E+00,  0.86527887E+00,  0.77738118E-01
     2834.,  0.12012918E-01,  0.57851165E-02,  0.33257738E-01,  0.25855742E+00,  0.86439722E+00,  0.60728233E-01
     2835.,  0.16480514E-01,  0.24840378E-02,  0.33257738E-01,  0.25864613E+00,  0.86856913E+00,  0.49409153E-01
     2836.,  0.13184411E-01,  0.19872302E-02,  0.33257738E-01,  0.26020032E+00,  0.86644212E+00,  0.38597933E-01
     2837.,  0.16480514E-01, -0.24840378E-02,  0.33257738E-01,  0.26268373E+00,  0.86979856E+00,  0.16689961E-01
     2838.,  0.13184411E-01, -0.19872302E-02,  0.33257738E-01,  0.26270969E+00,  0.86720622E+00,  0.13038030E-01
     2839.,  0.15016148E-01, -0.72313957E-02,  0.33257738E-01,  0.26671231E+00,  0.86853991E+00, -0.17512199E-01
     2840.,  0.12012918E-01, -0.57851165E-02,  0.33257738E-01,  0.26521346E+00,  0.86642396E+00, -0.13680353E-01
     2841.,  0.12217531E-01, -0.11336212E-01,  0.33257738E-01,  0.26933186E+00,  0.86523057E+00, -0.50158321E-01
     2842.,  0.97740250E-02, -0.90689698E-02,  0.33257738E-01,  0.26684151E+00,  0.86436720E+00, -0.39183172E-01
     2843.,  0.83333333E-02, -0.14433757E-01,  0.33257738E-01,  0.26963200E+00,  0.86102062E+00, -0.78347661E-01
     2844.,  0.66666667E-02, -0.11547005E-01,  0.33257738E-01,  0.26702805E+00,  0.86175071E+00, -0.61204401E-01
     2845.,  0.37086822E-02, -0.16248799E-01,  0.33257738E-01,  0.26750845E+00,  0.85737313E+00, -0.99575470E-01
     2846.,  0.29669458E-02, -0.12999039E-01,  0.33257738E-01,  0.26570826E+00,  0.85948379E+00, -0.77787351E-01
     2847., -0.12455016E-02, -0.16620063E-01,  0.33257738E-01,  0.26369917E+00,  0.85555567E+00, -0.11195556E+00
     2848., -0.99640125E-03, -0.13296051E-01,  0.33257738E-01,  0.26334078E+00,  0.85835424E+00, -0.87458550E-01
     2849., -0.60890171E-02, -0.15514562E-01,  0.33257738E-01,  0.25952797E+00,  0.85619984E+00, -0.11438790E+00
     2850., -0.48712137E-02, -0.12411650E-01,  0.33257738E-01,  0.26074838E+00,  0.85875459E+00, -0.89358673E-01
     2851., -0.10391497E-01, -0.13030525E-01,  0.33257738E-01,  0.25644445E+00,  0.85908181E+00, -0.10665638E+00
     2852., -0.83131974E-02, -0.10424420E-01,  0.33257738E-01,  0.25883197E+00,  0.86054574E+00, -0.83318886E-01
     2853., -0.13770646E-01, -0.93886676E-02,  0.33257738E-01,  0.25552020E+00,  0.86320002E+00, -0.89447973E-01
     2854., -0.11016517E-01, -0.75109341E-02,  0.33257738E-01,  0.25825755E+00,  0.86310522E+00, -0.69875853E-01
     2855., -0.15926213E-01, -0.49125862E-02,  0.33257738E-01,  0.25707642E+00,  0.86712330E+00, -0.64291723E-01
     2856., -0.12740971E-01, -0.39300690E-02,  0.33257738E-01,  0.25922474E+00,  0.86554355E+00, -0.50224045E-01
     2857., -0.16666667E-01,  0.20410780E-17,  0.28535421E-01,  0.27042194E+00,  0.90235270E+00, -0.29004510E-01
     2858., -0.13333333E-01,  0.16328624E-17,  0.28535421E-01,  0.27127816E+00,  0.89978424E+00, -0.22658522E-01
     2859., -0.15926213E-01,  0.49125862E-02,  0.28535421E-01,  0.27480185E+00,  0.90233683E+00,  0.36079991E-03
     2860., -0.12740971E-01,  0.39300690E-02,  0.28535421E-01,  0.27400029E+00,  0.89977437E+00,  0.28185791E-03
     2861., -0.13770646E-01,  0.93886676E-02,  0.28535421E-01,  0.27841177E+00,  0.89985643E+00,  0.29694044E-01
     2862., -0.11016517E-01,  0.75109341E-02,  0.28535421E-01,  0.27624387E+00,  0.89823279E+00,  0.23197189E-01
     2863., -0.10391497E-01,  0.13030525E-01,  0.28535421E-01,  0.27999716E+00,  0.89577348E+00,  0.56388844E-01
     2864., -0.83131974E-02,  0.10424420E-01,  0.28535421E-01,  0.27722920E+00,  0.89569523E+00,  0.44051350E-01
     2865., -0.60890171E-02,  0.15514562E-01,  0.28535421E-01,  0.27900707E+00,  0.89150692E+00,  0.78073255E-01
     2866., -0.48712137E-02,  0.12411650E-01,  0.28535421E-01,  0.27661386E+00,  0.89304355E+00,  0.60991360E-01
     2867., -0.12455016E-02,  0.16620063E-01,  0.28535421E-01,  0.27578559E+00,  0.88853946E+00,  0.92820510E-01
     2868., -0.99640125E-03,  0.13296051E-01,  0.28535421E-01,  0.27461169E+00,  0.89119927E+00,  0.72512017E-01
     2869.,  0.37086822E-02,  0.16248799E-01,  0.28535421E-01,  0.27145224E+00,  0.88790235E+00,  0.99320253E-01
     2870.,  0.29669458E-02,  0.12999039E-01,  0.28535421E-01,  0.27191851E+00,  0.89080330E+00,  0.77589662E-01
     2871.,  0.83333333E-02,  0.14433757E-01,  0.28535421E-01,  0.26751297E+00,  0.88981700E+00,  0.96994956E-01
     2872.,  0.66666667E-02,  0.11547005E-01,  0.28535421E-01,  0.26947024E+00,  0.89199325E+00,  0.75773124E-01
     2873.,  0.12217531E-01,  0.11336212E-01,  0.28535421E-01,  0.26533676E+00,  0.89361803E+00,  0.86051232E-01
     2874.,  0.97740250E-02,  0.90689698E-02,  0.28535421E-01,  0.26811772E+00,  0.89435560E+00,  0.67223814E-01
     2875.,  0.15016148E-01,  0.72313957E-02,  0.28535421E-01,  0.26567989E+00,  0.89798449E+00,  0.67461482E-01
     2876.,  0.12012918E-01,  0.57851165E-02,  0.28535421E-01,  0.26833097E+00,  0.89706937E+00,  0.52701374E-01
     2877.,  0.16480514E-01,  0.24840378E-02,  0.28535421E-01,  0.26842310E+00,  0.90139893E+00,  0.42877480E-01
     2878.,  0.13184411E-01,  0.19872302E-02,  0.28535421E-01,  0.27003588E+00,  0.89919145E+00,  0.33496183E-01
     2879.,  0.16480514E-01, -0.24840378E-02,  0.28535421E-01,  0.27261308E+00,  0.90267476E+00,  0.14483620E-01
     2880.,  0.13184411E-01, -0.19872302E-02,  0.28535421E-01,  0.27263996E+00,  0.89998438E+00,  0.11314705E-01
     2881.,  0.15016148E-01, -0.72313957E-02,  0.28535421E-01,  0.27679370E+00,  0.90136861E+00, -0.15197165E-01
     2882.,  0.12012918E-01, -0.57851165E-02,  0.28535421E-01,  0.27523822E+00,  0.89917261E+00, -0.11872127E-01
     2883.,  0.12217531E-01, -0.11336212E-01,  0.28535421E-01,  0.27951210E+00,  0.89793437E+00, -0.43527614E-01
     2884.,  0.97740250E-02, -0.90689698E-02,  0.28535421E-01,  0.27692772E+00,  0.89703822E+00, -0.34004069E-01
     2885.,  0.83333333E-02, -0.14433757E-01,  0.28535421E-01,  0.27982358E+00,  0.89356554E+00, -0.67990449E-01
     2886.,  0.66666667E-02, -0.11547005E-01,  0.28535421E-01,  0.27712130E+00,  0.89432298E+00, -0.53114603E-01
     2887.,  0.37086822E-02, -0.16248799E-01,  0.28535421E-01,  0.27761988E+00,  0.88978039E+00, -0.86412034E-01
     2888.,  0.29669458E-02, -0.12999039E-01,  0.28535421E-01,  0.27575170E+00,  0.89197050E+00, -0.67505673E-01
     2889., -0.12455016E-02, -0.16620063E-01,  0.28535421E-01,  0.27366684E+00,  0.88789434E+00, -0.97155528E-01
     2890., -0.99640125E-03, -0.13296051E-01,  0.28535421E-01,  0.27329487E+00,  0.89079832E+00, -0.75898564E-01
     2891., -0.60890171E-02, -0.15514562E-01,  0.28535421E-01,  0.26933823E+00,  0.88856282E+00, -0.99266326E-01
     2892., -0.48712137E-02, -0.12411650E-01,  0.28535421E-01,  0.27060463E+00,  0.89121378E+00, -0.77547534E-01
     2893., -0.10391497E-01, -0.13030525E-01,  0.28535421E-01,  0.26613834E+00,  0.89155355E+00, -0.92556877E-01
     2894., -0.83131974E-02, -0.10424420E-01,  0.28535421E-01,  0.26861589E+00,  0.89307253E+00, -0.72306067E-01
     2895., -0.13770646E-01, -0.93886676E-02,  0.28535421E-01,  0.26517921E+00,  0.89582719E+00, -0.77623346E-01
     2896., -0.11016517E-01, -0.75109341E-02,  0.28535421E-01,  0.26801979E+00,  0.89572861E+00, -0.60639890E-01
     2897., -0.15926213E-01, -0.49125862E-02,  0.28535421E-01,  0.26679415E+00,  0.89989853E+00, -0.55792641E-01
     2898., -0.12740971E-01, -0.39300690E-02,  0.28535421E-01,  0.26902348E+00,  0.89825896E+00, -0.43585594E-01
     2899., -0.16666667E-01,  0.20410780E-17,  0.23986762E-01,  0.27856852E+00,  0.92953213E+00, -0.24605479E-01
     2900., -0.13333333E-01,  0.16328624E-17,  0.23986762E-01,  0.27945020E+00,  0.92688651E+00, -0.19222497E-01
     2901., -0.15926213E-01,  0.49125862E-02,  0.23986762E-01,  0.28307940E+00,  0.92951578E+00,  0.30607900E-03
     2902., -0.12740971E-01,  0.39300690E-02,  0.23986762E-01,  0.28225376E+00,  0.92687635E+00,  0.23911635E-03
     2903., -0.13770646E-01,  0.93886676E-02,  0.23986762E-01,  0.28679725E+00,  0.92696122E+00,  0.25190434E-01
     2904., -0.11016517E-01,  0.75109341E-02,  0.23986762E-01,  0.28456445E+00,  0.92528865E+00,  0.19679479E-01
     2905., -0.10391497E-01,  0.13030525E-01,  0.23986762E-01,  0.28843005E+00,  0.92275619E+00,  0.47836511E-01
     2906., -0.83131974E-02,  0.10424420E-01,  0.23986762E-01,  0.28557926E+00,  0.92267518E+00,  0.37371235E-01
     2907., -0.60890171E-02,  0.15514562E-01,  0.23986762E-01,  0.28741036E+00,  0.91836205E+00,  0.66232110E-01
     2908., -0.48712137E-02,  0.12411650E-01,  0.23986762E-01,  0.28494551E+00,  0.91994418E+00,  0.51742398E-01
     2909., -0.12455016E-02,  0.16620063E-01,  0.23986762E-01,  0.28409255E+00,  0.91530587E+00,  0.78742693E-01
     2910., -0.99640125E-03,  0.13296051E-01,  0.23986762E-01,  0.28288345E+00,  0.91804473E+00,  0.61516019E-01
     2911.,  0.37086822E-02,  0.16248799E-01,  0.23986762E-01,  0.27962963E+00,  0.91464971E+00,  0.84256638E-01
     2912.,  0.29669458E-02,  0.12999039E-01,  0.23986762E-01,  0.28010970E+00,  0.91763691E+00,  0.65823670E-01
     2913.,  0.83333333E-02,  0.14433757E-01,  0.23986762E-01,  0.27557257E+00,  0.91662160E+00,  0.82284012E-01
     2914.,  0.66666667E-02,  0.11547005E-01,  0.23986762E-01,  0.27758819E+00,  0.91886246E+00,  0.64282598E-01
     2915.,  0.12217531E-01,  0.11336212E-01,  0.23986762E-01,  0.27333129E+00,  0.92053629E+00,  0.73000092E-01
     2916.,  0.97740250E-02,  0.90689698E-02,  0.23986762E-01,  0.27619521E+00,  0.92129548E+00,  0.57029737E-01
     2917.,  0.15016148E-01,  0.72313957E-02,  0.23986762E-01,  0.27368468E+00,  0.92503331E+00,  0.57229795E-01
     2918.,  0.12012918E-01,  0.57851165E-02,  0.23986762E-01,  0.27641484E+00,  0.92409043E+00,  0.44709536E-01
     2919.,  0.16480514E-01,  0.24840378E-02,  0.23986762E-01,  0.27650992E+00,  0.92854984E+00,  0.36374377E-01
     2920.,  0.13184411E-01,  0.19872302E-02,  0.23986762E-01,  0.27817075E+00,  0.92627599E+00,  0.28416694E-01
     2921.,  0.16480514E-01, -0.24840378E-02,  0.23986762E-01,  0.28082517E+00,  0.92986382E+00,  0.12286931E-01
     2922.,  0.13184411E-01, -0.19872302E-02,  0.23986762E-01,  0.28085273E+00,  0.92709264E+00,  0.95988992E-02
     2923.,  0.15016148E-01, -0.72313957E-02,  0.23986762E-01,  0.28513080E+00,  0.92851861E+00, -0.12892256E-01
     2924.,  0.12012918E-01, -0.57851165E-02,  0.23986762E-01,  0.28352872E+00,  0.92625658E+00, -0.10071794E-01
     2925.,  0.12217531E-01, -0.11336212E-01,  0.23986762E-01,  0.28793049E+00,  0.92498169E+00, -0.36925908E-01
     2926.,  0.97740250E-02, -0.90689698E-02,  0.23986762E-01,  0.28526876E+00,  0.92405835E+00, -0.28847562E-01
     2927.,  0.83333333E-02, -0.14433757E-01,  0.23986762E-01,  0.28825128E+00,  0.92048223E+00, -0.57678535E-01
     2928.,  0.66666667E-02, -0.11547005E-01,  0.23986762E-01,  0.28546813E+00,  0.92126188E+00, -0.45060102E-01
     2929.,  0.37086822E-02, -0.16248799E-01,  0.23986762E-01,  0.28598169E+00,  0.91658390E+00, -0.73306172E-01
     2930.,  0.29669458E-02, -0.12999039E-01,  0.23986762E-01,  0.28405756E+00,  0.91883903E+00, -0.57268855E-01
     2931., -0.12455016E-02, -0.16620063E-01,  0.23986762E-01,  0.28191045E+00,  0.91464146E+00, -0.82420232E-01
     2932., -0.99640125E-03, -0.13296051E-01,  0.23986762E-01,  0.28152724E+00,  0.91763178E+00, -0.64389016E-01
     2933., -0.60890171E-02, -0.15514562E-01,  0.23986762E-01,  0.27745241E+00,  0.91532993E+00, -0.84210891E-01
     2934., -0.48712137E-02, -0.12411650E-01,  0.23986762E-01,  0.27875652E+00,  0.91805967E+00, -0.65787930E-01
     2935., -0.10391497E-01, -0.13030525E-01,  0.23986762E-01,  0.27415684E+00,  0.91841008E+00, -0.78519043E-01
     2936., -0.83131974E-02, -0.10424420E-01,  0.23986762E-01,  0.27670828E+00,  0.91997403E+00, -0.61341299E-01
     2937., -0.13770646E-01, -0.93886676E-02,  0.23986762E-01,  0.27316903E+00,  0.92281150E+00, -0.65850437E-01
     2938., -0.11016517E-01, -0.75109341E-02,  0.23986762E-01,  0.27609435E+00,  0.92270956E+00, -0.51444225E-01
     2939., -0.15926213E-01, -0.49125862E-02,  0.23986762E-01,  0.27483226E+00,  0.92700458E+00, -0.47330732E-01
     2940., -0.12740971E-01, -0.39300690E-02,  0.23986762E-01,  0.27712807E+00,  0.92531560E+00, -0.36976108E-01
     2941., -0.16666667E-01,  0.20410780E-17,  0.19605378E-01,  0.28513430E+00,  0.95143561E+00, -0.20256579E-01
     2942., -0.13333333E-01,  0.16328624E-17,  0.19605378E-01,  0.28603620E+00,  0.94872789E+00, -0.15825535E-01
     2943., -0.15926213E-01,  0.49125862E-02,  0.19605378E-01,  0.28975014E+00,  0.95141889E+00,  0.25198139E-03
     2944., -0.12740971E-01,  0.39300690E-02,  0.19605378E-01,  0.28890513E+00,  0.94871750E+00,  0.19686077E-03
     2945., -0.13770646E-01,  0.93886676E-02,  0.19605378E-01,  0.29355451E+00,  0.94880488E+00,  0.20738147E-01
     2946., -0.11016517E-01,  0.75109341E-02,  0.19605378E-01,  0.29126969E+00,  0.94709279E+00,  0.16201760E-01
     2947., -0.10391497E-01,  0.13030525E-01,  0.19605378E-01,  0.29522530E+00,  0.94450200E+00,  0.39381640E-01
     2948., -0.83131974E-02,  0.10424420E-01,  0.19605378E-01,  0.29230816E+00,  0.94441838E+00,  0.30767064E-01
     2949., -0.60890171E-02,  0.15514562E-01,  0.19605378E-01,  0.29418188E+00,  0.94000561E+00,  0.54525905E-01
     2950., -0.48712137E-02,  0.12411650E-01,  0.19605378E-01,  0.29165963E+00,  0.94162370E+00,  0.42598583E-01
     2951., -0.12455016E-02,  0.16620063E-01,  0.19605378E-01,  0.29078686E+00,  0.93687831E+00,  0.64825303E-01
     2952., -0.99640125E-03,  0.13296051E-01,  0.19605378E-01,  0.28954950E+00,  0.93967997E+00,  0.50645030E-01
     2953.,  0.37086822E-02,  0.16248799E-01,  0.19605378E-01,  0.28622010E+00,  0.93620688E+00,  0.69364686E-01
     2954.,  0.29669458E-02,  0.12999039E-01,  0.19605378E-01,  0.28671108E+00,  0.93926264E+00,  0.54191441E-01
     2955.,  0.83333333E-02,  0.14433757E-01,  0.19605378E-01,  0.28206863E+00,  0.93822466E+00,  0.67740712E-01
     2956.,  0.66666667E-02,  0.11547005E-01,  0.19605378E-01,  0.28413078E+00,  0.94051677E+00,  0.52922705E-01
     2957.,  0.12217531E-01,  0.11336212E-01,  0.19605378E-01,  0.27977519E+00,  0.94223044E+00,  0.60097679E-01
     2958.,  0.97740250E-02,  0.90689698E-02,  0.19605378E-01,  0.28270532E+00,  0.94300651E+00,  0.46951555E-01
     2959.,  0.15016148E-01,  0.72313957E-02,  0.19605378E-01,  0.28013680E+00,  0.94683211E+00,  0.47114706E-01
     2960.,  0.12012918E-01,  0.57851165E-02,  0.19605378E-01,  0.28293007E+00,  0.94586663E+00,  0.36808555E-01
     2961.,  0.16480514E-01,  0.24840378E-02,  0.19605378E-01,  0.28302778E+00,  0.95043047E+00,  0.29945382E-01
     2962.,  0.13184411E-01,  0.19872302E-02,  0.19605378E-01,  0.28472692E+00,  0.94810315E+00,  0.23394951E-01
     2963.,  0.16480514E-01, -0.24840378E-02,  0.19605378E-01,  0.28744346E+00,  0.95177503E+00,  0.10115275E-01
     2964.,  0.13184411E-01, -0.19872302E-02,  0.19605378E-01,  0.28747143E+00,  0.94893884E+00,  0.79026001E-02
     2965.,  0.15016148E-01, -0.72313957E-02,  0.19605378E-01,  0.29184928E+00,  0.95039851E+00, -0.10613613E-01
     2966.,  0.12012918E-01, -0.57851165E-02,  0.19605378E-01,  0.29020982E+00,  0.94808329E+00, -0.82919274E-02
     2967.,  0.12217531E-01, -0.11336212E-01,  0.19605378E-01,  0.29471411E+00,  0.94677929E+00, -0.30399433E-01
     2968.,  0.97740250E-02, -0.90689698E-02,  0.19605378E-01,  0.29199042E+00,  0.94583380E+00, -0.23749679E-01
     2969.,  0.83333333E-02, -0.14433757E-01,  0.19605378E-01,  0.29504237E+00,  0.94217513E+00, -0.47484134E-01
     2970.,  0.66666667E-02, -0.11547005E-01,  0.19605378E-01,  0.29219444E+00,  0.94297213E+00, -0.37097171E-01
     2971.,  0.37086822E-02, -0.16248799E-01,  0.19605378E-01,  0.29271997E+00,  0.93818608E+00, -0.60349663E-01
     2972.,  0.29669458E-02, -0.12999039E-01,  0.19605378E-01,  0.29075098E+00,  0.94049280E+00, -0.47148416E-01
     2973., -0.12455016E-02, -0.16620063E-01,  0.19605378E-01,  0.28855399E+00,  0.93619844E+00, -0.67852855E-01
     2974., -0.99640125E-03, -0.13296051E-01,  0.19605378E-01,  0.28816167E+00,  0.93925740E+00, -0.53010317E-01
     2975., -0.60890171E-02, -0.15514562E-01,  0.19605378E-01,  0.28399221E+00,  0.93690293E+00, -0.69327023E-01
     2976., -0.48712137E-02, -0.12411650E-01,  0.19605378E-01,  0.28532634E+00,  0.93969526E+00, -0.54162017E-01
     2977., -0.10391497E-01, -0.13030525E-01,  0.19605378E-01,  0.28061995E+00,  0.94005476E+00, -0.64641182E-01
     2978., -0.83131974E-02, -0.10424420E-01,  0.19605378E-01,  0.28323036E+00,  0.94165425E+00, -0.50501185E-01
     2979., -0.13770646E-01, -0.93886676E-02,  0.19605378E-01,  0.27960916E+00,  0.94455860E+00, -0.54211691E-01
     2980., -0.11016517E-01, -0.75109341E-02,  0.19605378E-01,  0.28260211E+00,  0.94445356E+00, -0.42353103E-01
     2981., -0.15926213E-01, -0.49125862E-02,  0.19605378E-01,  0.28131109E+00,  0.94884924E+00, -0.38965254E-01
     2982., -0.12740971E-01, -0.39300690E-02,  0.19605378E-01,  0.28365993E+00,  0.94712037E+00, -0.30441763E-01
     2983., -0.16666667E-01,  0.20410780E-17,  0.15385115E-01,  0.29024243E+00,  0.96847521E+00, -0.15983371E-01
     2984., -0.13333333E-01,  0.16328624E-17,  0.15385115E-01,  0.29115977E+00,  0.96571913E+00, -0.12487504E-01
     2985., -0.15926213E-01,  0.49125862E-02,  0.15385115E-01,  0.29493957E+00,  0.96845819E+00,  0.19882548E-03
     2986., -0.12740971E-01,  0.39300690E-02,  0.15385115E-01,  0.29407948E+00,  0.96570855E+00,  0.15533796E-03
     2987., -0.13770646E-01,  0.93886676E-02,  0.15385115E-01,  0.29881095E+00,  0.96579814E+00,  0.16363352E-01
     2988., -0.11016517E-01,  0.75109341E-02,  0.15385115E-01,  0.29648590E+00,  0.96405508E+00,  0.12784374E-01
     2989., -0.10391497E-01,  0.13030525E-01,  0.15385115E-01,  0.30051117E+00,  0.96141947E+00,  0.31073924E-01
     2990., -0.83131974E-02,  0.10424420E-01,  0.15385115E-01,  0.29754275E+00,  0.96133333E+00,  0.24277464E-01
     2991., -0.60890171E-02,  0.15514562E-01,  0.15385115E-01,  0.29944937E+00,  0.95684389E+00,  0.43023446E-01
     2992., -0.48712137E-02,  0.12411650E-01,  0.15385115E-01,  0.29688274E+00,  0.95848918E+00,  0.33613399E-01
     2993., -0.12455016E-02,  0.16620063E-01,  0.15385115E-01,  0.29599455E+00,  0.95366151E+00,  0.51150146E-01
     2994., -0.99640125E-03,  0.13296051E-01,  0.15385115E-01,  0.29473525E+00,  0.95651104E+00,  0.39962635E-01
     2995.,  0.37086822E-02,  0.16248799E-01,  0.15385115E-01,  0.29134735E+00,  0.95297826E+00,  0.54731928E-01
     2996.,  0.29669458E-02,  0.12999039E-01,  0.15385115E-01,  0.29184659E+00,  0.95608633E+00,  0.42761013E-01
     2997.,  0.83333333E-02,  0.14433757E-01,  0.15385115E-01,  0.28712276E+00,  0.95503158E+00,  0.53450536E-01
     2998.,  0.66666667E-02,  0.11547005E-01,  0.15385115E-01,  0.28922061E+00,  0.95736265E+00,  0.41759886E-01
     2999.,  0.12217531E-01,  0.11336212E-01,  0.15385115E-01,  0.28478894E+00,  0.95910791E+00,  0.47419833E-01
     3000.,  0.97740250E-02,  0.90689698E-02,  0.15385115E-01,  0.28776992E+00,  0.95989647E+00,  0.37048212E-01
     3001.,  0.15016148E-01,  0.72313957E-02,  0.15385115E-01,  0.28515692E+00,  0.96379063E+00,  0.37175670E-01
     3002.,  0.12012918E-01,  0.57851165E-02,  0.15385115E-01,  0.28799865E+00,  0.96280722E+00,  0.29044644E-01
     3003.,  0.16480514E-01,  0.24840378E-02,  0.15385115E-01,  0.28809882E+00,  0.96745237E+00,  0.23628282E-01
     3004.,  0.13184411E-01,  0.19872302E-02,  0.15385115E-01,  0.28982731E+00,  0.96508333E+00,  0.18460328E-01
     3005.,  0.16480514E-01, -0.24840378E-02,  0.15385115E-01,  0.29259226E+00,  0.96882061E+00,  0.79814156E-02
     3006.,  0.13184411E-01, -0.19872302E-02,  0.15385115E-01,  0.29262040E+00,  0.96593382E+00,  0.62357285E-02
     3007.,  0.15016148E-01, -0.72313957E-02,  0.15385115E-01,  0.29707568E+00,  0.96741985E+00, -0.83746305E-02
     3008.,  0.12012918E-01, -0.57851165E-02,  0.15385115E-01,  0.29540726E+00,  0.96506312E+00, -0.65429382E-02
     3009.,  0.12217531E-01, -0.11336212E-01,  0.15385115E-01,  0.29999098E+00,  0.96373688E+00, -0.23986552E-01
     3010.,  0.97740250E-02, -0.90689698E-02,  0.15385115E-01,  0.29721939E+00,  0.96277381E+00, -0.18740235E-01
     3011.,  0.83333333E-02, -0.14433757E-01,  0.15385115E-01,  0.30032501E+00,  0.95905162E+00, -0.37467166E-01
     3012.,  0.66666667E-02, -0.11547005E-01,  0.15385115E-01,  0.29742702E+00,  0.95986149E+00, -0.29272382E-01
     3013.,  0.37086822E-02, -0.16248799E-01,  0.15385115E-01,  0.29796171E+00,  0.95499232E+00, -0.47618660E-01
     3014.,  0.29669458E-02, -0.12999039E-01,  0.15385115E-01,  0.29595800E+00,  0.95733826E+00, -0.37203552E-01
     3015., -0.12455016E-02, -0.16620063E-01,  0.15385115E-01,  0.29372236E+00,  0.95296966E+00, -0.53539024E-01
     3016., -0.99640125E-03, -0.13296051E-01,  0.15385115E-01,  0.29332285E+00,  0.95608099E+00, -0.41829021E-01
     3017., -0.60890171E-02, -0.15514562E-01,  0.15385115E-01,  0.28908023E+00,  0.95368656E+00, -0.54702209E-01
     3018., -0.48712137E-02, -0.12411650E-01,  0.15385115E-01,  0.29043734E+00,  0.95652661E+00, -0.42737794E-01
     3019., -0.10391497E-01, -0.13030525E-01,  0.15385115E-01,  0.28564857E+00,  0.95689391E+00, -0.51004864E-01
     3020., -0.83131974E-02, -0.10424420E-01,  0.15385115E-01,  0.28830425E+00,  0.95852027E+00, -0.39849130E-01
     3021., -0.13770646E-01, -0.93886676E-02,  0.15385115E-01,  0.28461997E+00,  0.96147707E+00, -0.42775517E-01
     3022., -0.11016517E-01, -0.75109341E-02,  0.15385115E-01,  0.28766488E+00,  0.96136914E+00, -0.33419699E-01
     3023., -0.15926213E-01, -0.49125862E-02,  0.15385115E-01,  0.28635188E+00,  0.96584329E+00, -0.30745378E-01
     3024., -0.12740971E-01, -0.39300690E-02,  0.15385115E-01,  0.28874143E+00,  0.96408315E+00, -0.24020780E-01
     3025., -0.16666667E-01,  0.20410780E-17,  0.11320049E-01,  0.29401496E+00,  0.98105870E+00, -0.11806688E-01
     3026., -0.13333333E-01,  0.16328624E-17,  0.11320049E-01,  0.29494336E+00,  0.97826675E+00, -0.92245727E-02
     3027., -0.15926213E-01,  0.49125862E-02,  0.11320049E-01,  0.29877189E+00,  0.98104146E+00,  0.14686936E-03
     3028., -0.12740971E-01,  0.39300690E-02,  0.11320049E-01,  0.29790061E+00,  0.97825603E+00,  0.11474871E-03
     3029., -0.13770646E-01,  0.93886676E-02,  0.11320049E-01,  0.30269253E+00,  0.97834755E+00,  0.12087374E-01
     3030., -0.11016517E-01,  0.75109341E-02,  0.11320049E-01,  0.30033797E+00,  0.97658130E+00,  0.94438713E-02
     3031., -0.10391497E-01,  0.13030525E-01,  0.11320049E-01,  0.30441440E+00,  0.97391315E+00,  0.22953862E-01
     3032., -0.83131974E-02,  0.10424420E-01,  0.11320049E-01,  0.30140841E+00,  0.97382455E+00,  0.17933863E-01
     3033., -0.60890171E-02,  0.15514562E-01,  0.11320049E-01,  0.30333908E+00,  0.96927933E+00,  0.31780805E-01
     3034., -0.48712137E-02,  0.12411650E-01,  0.11320049E-01,  0.30073991E+00,  0.97094384E+00,  0.24830359E-01
     3035., -0.12455016E-02,  0.16620063E-01,  0.11320049E-01,  0.29984030E+00,  0.96605645E+00,  0.37783883E-01
     3036., -0.99640125E-03,  0.13296051E-01,  0.11320049E-01,  0.29856482E+00,  0.96894026E+00,  0.29520568E-01
     3037.,  0.37086822E-02,  0.16248799E-01,  0.11320049E-01,  0.29513395E+00,  0.96536450E+00,  0.40429694E-01
     3038.,  0.29669458E-02,  0.12999039E-01,  0.11320049E-01,  0.29563901E+00,  0.96851009E+00,  0.31587741E-01
     3039.,  0.83333333E-02,  0.14433757E-01,  0.11320049E-01,  0.29085559E+00,  0.96744395E+00,  0.39483146E-01
     3040.,  0.66666667E-02,  0.11547005E-01,  0.11320049E-01,  0.29297927E+00,  0.96980283E+00,  0.30848201E-01
     3041.,  0.12217531E-01,  0.11336212E-01,  0.11320049E-01,  0.28849206E+00,  0.97157218E+00,  0.35028353E-01
     3042.,  0.97740250E-02,  0.90689698E-02,  0.11320049E-01,  0.29150993E+00,  0.97236923E+00,  0.27367671E-01
     3043.,  0.15016148E-01,  0.72313957E-02,  0.11320049E-01,  0.28886472E+00,  0.97631449E+00,  0.27461137E-01
     3044.,  0.12012918E-01,  0.57851165E-02,  0.11320049E-01,  0.29174160E+00,  0.97531740E+00,  0.21455403E-01
     3045.,  0.16480514E-01,  0.24840378E-02,  0.11320049E-01,  0.29184406E+00,  0.98002284E+00,  0.17453875E-01
     3046.,  0.13184411E-01,  0.19872302E-02,  0.11320049E-01,  0.29359377E+00,  0.97762277E+00,  0.13636722E-01
     3047.,  0.16480514E-01, -0.24840378E-02,  0.11320049E-01,  0.29639470E+00,  0.98140849E+00,  0.58957568E-02
     3048.,  0.13184411E-01, -0.19872302E-02,  0.11320049E-01,  0.29642277E+00,  0.97848419E+00,  0.46063582E-02
     3049.,  0.15016148E-01, -0.72313957E-02,  0.11320049E-01,  0.30093518E+00,  0.97998991E+00, -0.61862202E-02
     3050.,  0.12012918E-01, -0.57851165E-02,  0.11320049E-01,  0.29924546E+00,  0.97760230E+00, -0.48332967E-02
     3051.,  0.12217531E-01, -0.11336212E-01,  0.11320049E-01,  0.30388758E+00,  0.97626006E+00, -0.17718523E-01
     3052.,  0.97740250E-02, -0.90689698E-02,  0.11320049E-01,  0.30108088E+00,  0.97528356E+00, -0.13843491E-01
     3053.,  0.83333333E-02, -0.14433757E-01,  0.11320049E-01,  0.30422587E+00,  0.97151517E+00, -0.27676460E-01
     3054.,  0.66666667E-02, -0.11547005E-01,  0.11320049E-01,  0.30129119E+00,  0.97233379E+00, -0.21623632E-01
     3055.,  0.37086822E-02, -0.16248799E-01,  0.11320049E-01,  0.30183248E+00,  0.96740420E+00, -0.35175225E-01
     3056.,  0.29669458E-02, -0.12999039E-01,  0.11320049E-01,  0.29980328E+00,  0.96977812E+00, -0.27482422E-01
     3057., -0.12455016E-02, -0.16620063E-01,  0.11320049E-01,  0.29753918E+00,  0.96535580E+00, -0.39548513E-01
     3058., -0.99640125E-03, -0.13296051E-01,  0.11320049E-01,  0.29713425E+00,  0.96850469E+00, -0.30899275E-01
     3059., -0.60890171E-02, -0.15514562E-01,  0.11320049E-01,  0.29283796E+00,  0.96608182E+00, -0.40407739E-01
     3060., -0.48712137E-02, -0.12411650E-01,  0.11320049E-01,  0.29421164E+00,  0.96895603E+00, -0.31570588E-01
     3061., -0.10391497E-01, -0.13030525E-01,  0.11320049E-01,  0.28936263E+00,  0.96932999E+00, -0.37676563E-01
     3062., -0.83131974E-02, -0.10424420E-01,  0.11320049E-01,  0.29205112E+00,  0.97097533E+00, -0.29436719E-01
     3063., -0.13770646E-01, -0.93886676E-02,  0.11320049E-01,  0.28832094E+00,  0.97397149E+00, -0.31597664E-01
     3064., -0.11016517E-01, -0.75109341E-02,  0.11320049E-01,  0.29140354E+00,  0.97386082E+00, -0.24687274E-01
     3065., -0.15926213E-01, -0.49125862E-02,  0.11320049E-01,  0.29007489E+00,  0.97839328E+00, -0.22711171E-01
     3066., -0.12740971E-01, -0.39300690E-02,  0.11320049E-01,  0.29249393E+00,  0.97660973E+00, -0.17744252E-01
     3067., -0.16666667E-01,  0.20410780E-17,  0.74044719E-02,  0.29657088E+00,  0.98958374E+00, -0.77429344E-02
     3068., -0.13333333E-01,  0.16328624E-17,  0.74044719E-02,  0.29750655E+00,  0.98676730E+00, -0.60496871E-02
     3069., -0.15926213E-01,  0.49125862E-02,  0.74044719E-02,  0.30136819E+00,  0.98956636E+00,  0.96318645E-04
     3070., -0.12740971E-01,  0.39300690E-02,  0.74044719E-02,  0.30048928E+00,  0.98675649E+00,  0.75254519E-04
     3071., -0.13770646E-01,  0.93886676E-02,  0.74044719E-02,  0.30532213E+00,  0.98684958E+00,  0.79270111E-02
     3072., -0.11016517E-01,  0.75109341E-02,  0.74044719E-02,  0.30294765E+00,  0.98506734E+00,  0.61935074E-02
     3073., -0.10391497E-01,  0.13030525E-01,  0.74044719E-02,  0.30705861E+00,  0.98237753E+00,  0.15053354E-01
     3074., -0.83131974E-02,  0.10424420E-01,  0.74044719E-02,  0.30402731E+00,  0.98228684E+00,  0.11761439E-01
     3075., -0.60890171E-02,  0.15514562E-01,  0.74044719E-02,  0.30597417E+00,  0.97770437E+00,  0.20842145E-01
     3076., -0.48712137E-02,  0.12411650E-01,  0.74044719E-02,  0.30335306E+00,  0.97938130E+00,  0.16284320E-01
     3077., -0.12455016E-02,  0.16620063E-01,  0.74044719E-02,  0.30244568E+00,  0.97445413E+00,  0.24779019E-01
     3078., -0.99640125E-03,  0.13296051E-01,  0.74044719E-02,  0.30115922E+00,  0.97736047E+00,  0.19360267E-01
     3079.,  0.37086822E-02,  0.16248799E-01,  0.74044719E-02,  0.29769937E+00,  0.97375630E+00,  0.26514166E-01
     3080.,  0.29669458E-02,  0.12999039E-01,  0.74044719E-02,  0.29820820E+00,  0.97692659E+00,  0.20715966E-01
     3081.,  0.83333333E-02,  0.14433757E-01,  0.74044719E-02,  0.29338469E+00,  0.97585341E+00,  0.25893412E-01
     3082.,  0.66666667E-02,  0.11547005E-01,  0.74044719E-02,  0.29552554E+00,  0.97823046E+00,  0.20230959E-01
     3083.,  0.12217531E-01,  0.11336212E-01,  0.74044719E-02,  0.29100109E+00,  0.98001668E+00,  0.22971917E-01
     3084.,  0.97740250E-02,  0.90689698E-02,  0.74044719E-02,  0.29404354E+00,  0.98081897E+00,  0.17948347E-01
     3085.,  0.15016148E-01,  0.72313957E-02,  0.74044719E-02,  0.29137691E+00,  0.98479926E+00,  0.18009267E-01
     3086.,  0.12012918E-01,  0.57851165E-02,  0.74044719E-02,  0.29427721E+00,  0.98379254E+00,  0.14070946E-01
     3087.,  0.16480514E-01,  0.24840378E-02,  0.74044719E-02,  0.29438155E+00,  0.98853909E+00,  0.11446411E-01
     3088.,  0.13184411E-01,  0.19872302E-02,  0.74044719E-02,  0.29614534E+00,  0.98611778E+00,  0.89432755E-02
     3089.,  0.16480514E-01, -0.24840378E-02,  0.74044719E-02,  0.29897083E+00,  0.98993651E+00,  0.38664906E-02
     3090.,  0.13184411E-01, -0.19872302E-02,  0.74044719E-02,  0.29899871E+00,  0.98698662E+00,  0.30209549E-02
     3091.,  0.15016148E-01, -0.72313957E-02,  0.74044719E-02,  0.30354986E+00,  0.98850588E+00, -0.40569806E-02
     3092.,  0.12012918E-01, -0.57851165E-02,  0.74044719E-02,  0.30184572E+00,  0.98609713E+00, -0.31697873E-02
     3093.,  0.12217531E-01, -0.11336212E-01,  0.74044719E-02,  0.30652732E+00,  0.98474437E+00, -0.11619971E-01
     3094.,  0.97740250E-02, -0.90689698E-02,  0.74044719E-02,  0.30369696E+00,  0.98375841E+00, -0.90788793E-02
     3095.,  0.83333333E-02, -0.14433757E-01,  0.74044719E-02,  0.30686849E+00,  0.97995919E+00, -0.18150479E-01
     3096.,  0.66666667E-02, -0.11547005E-01,  0.74044719E-02,  0.30390908E+00,  0.98078323E+00, -0.14181274E-01
     3097.,  0.37086822E-02, -0.16248799E-01,  0.74044719E-02,  0.30445478E+00,  0.97581332E+00, -0.23068237E-01
     3098.,  0.29669458E-02, -0.12999039E-01,  0.74044719E-02,  0.30240835E+00,  0.97820554E+00, -0.18023605E-01
     3099., -0.12455016E-02, -0.16620063E-01,  0.74044719E-02,  0.30012502E+00,  0.97374752E+00, -0.25936280E-01
     3100., -0.99640125E-03, -0.13296051E-01,  0.74044719E-02,  0.29971633E+00,  0.97692113E+00, -0.20264455E-01
     3101., -0.60890171E-02, -0.15514562E-01,  0.74044719E-02,  0.29538389E+00,  0.97447970E+00, -0.26499767E-01
     3102., -0.48712137E-02, -0.12411650E-01,  0.74044719E-02,  0.29676853E+00,  0.97737636E+00, -0.20704718E-01
     3103., -0.10391497E-01, -0.13030525E-01,  0.74044719E-02,  0.29187905E+00,  0.97775545E+00, -0.24708638E-01
     3104., -0.83131974E-02, -0.10424420E-01,  0.74044719E-02,  0.29458940E+00,  0.97941306E+00, -0.19305277E-01
     3105., -0.13770646E-01, -0.93886676E-02,  0.74044719E-02,  0.29082852E+00,  0.98243636E+00, -0.20722040E-01
     3106., -0.11016517E-01, -0.75109341E-02,  0.74044719E-02,  0.29393624E+00,  0.98232342E+00, -0.16190482E-01
     3107., -0.15926213E-01, -0.49125862E-02,  0.74044719E-02,  0.29259736E+00,  0.98689569E+00, -0.14894195E-01
     3108., -0.12740971E-01, -0.39300690E-02,  0.74044719E-02,  0.29503602E+00,  0.98509601E+00, -0.11637089E-01
     3109., -0.16666667E-01,  0.20410780E-17,  0.36328875E-02,  0.29802494E+00,  0.99443337E+00, -0.38044679E-02
     3110., -0.13333333E-01,  0.16328624E-17,  0.36328875E-02,  0.29896456E+00,  0.99160290E+00, -0.29725205E-02
     3111., -0.15926213E-01,  0.49125862E-02,  0.36328875E-02,  0.30284515E+00,  0.99441591E+00,  0.47325995E-04
     3112., -0.12740971E-01,  0.39300690E-02,  0.36328875E-02,  0.30196187E+00,  0.99159204E+00,  0.36976714E-04
     3113., -0.13770646E-01,  0.93886676E-02,  0.36328875E-02,  0.30681796E+00,  0.99168616E+00,  0.38949130E-02
     3114., -0.11016517E-01,  0.75109341E-02,  0.36328875E-02,  0.30443225E+00,  0.98989462E+00,  0.30431870E-02
     3115., -0.10391497E-01,  0.13030525E-01,  0.36328875E-02,  0.30856272E+00,  0.98719278E+00,  0.73964203E-02
     3116., -0.83131974E-02,  0.10424420E-01,  0.36328875E-02,  0.30551719E+00,  0.98710054E+00,  0.57789976E-02
     3117., -0.60890171E-02,  0.15514562E-01,  0.36328875E-02,  0.30747310E+00,  0.98249732E+00,  0.10240725E-01
     3118., -0.48712137E-02,  0.12411650E-01,  0.36328875E-02,  0.30483964E+00,  0.98418080E+00,  0.80013196E-02
     3119., -0.12455016E-02,  0.16620063E-01,  0.36328875E-02,  0.30392778E+00,  0.97923156E+00,  0.12175097E-01
     3120., -0.99640125E-03,  0.13296051E-01,  0.36328875E-02,  0.30263508E+00,  0.98215008E+00,  0.95126925E-02
     3121.,  0.37086822E-02,  0.16248799E-01,  0.36328875E-02,  0.29915882E+00,  0.97853041E+00,  0.13027655E-01
     3122.,  0.29669458E-02,  0.12999039E-01,  0.36328875E-02,  0.29966964E+00,  0.98171408E+00,  0.10178816E-01
     3123.,  0.83333333E-02,  0.14433757E-01,  0.36328875E-02,  0.29482355E+00,  0.98063752E+00,  0.12722650E-01
     3124.,  0.66666667E-02,  0.11547005E-01,  0.36328875E-02,  0.29697387E+00,  0.98302433E+00,  0.99405068E-02
     3125.,  0.12217531E-01,  0.11336212E-01,  0.36328875E-02,  0.29242857E+00,  0.98482066E+00,  0.11287182E-01
     3126.,  0.97740250E-02,  0.90689698E-02,  0.36328875E-02,  0.29548462E+00,  0.98562550E+00,  0.88189429E-02
     3127.,  0.15016148E-01,  0.72313957E-02,  0.36328875E-02,  0.29280620E+00,  0.98962606E+00,  0.88487993E-02
     3128.,  0.12012918E-01,  0.57851165E-02,  0.36328875E-02,  0.29571943E+00,  0.98861360E+00,  0.69137779E-02
     3129.,  0.16480514E-01,  0.24840378E-02,  0.36328875E-02,  0.29582517E+00,  0.99338374E+00,  0.56241607E-02
     3130.,  0.13184411E-01,  0.19872302E-02,  0.36328875E-02,  0.29759669E+00,  0.99095021E+00,  0.43942899E-02
     3131.,  0.16480514E-01, -0.24840378E-02,  0.36328875E-02,  0.30043634E+00,  0.99478782E+00,  0.18997887E-02
     3132.,  0.13184411E-01, -0.19872302E-02,  0.36328875E-02,  0.30046401E+00,  0.99182330E+00,  0.14843497E-02
     3133.,  0.15016148E-01, -0.72313957E-02,  0.36328875E-02,  0.30503723E+00,  0.99335037E+00, -0.19933851E-02
     3134.,  0.12012918E-01, -0.57851165E-02,  0.36328875E-02,  0.30332494E+00,  0.99092946E+00, -0.15574789E-02
     3135.,  0.12217531E-01, -0.11336212E-01,  0.36328875E-02,  0.30802890E+00,  0.98957091E+00, -0.57094380E-02
     3136.,  0.97740250E-02, -0.90689698E-02,  0.36328875E-02,  0.30518523E+00,  0.98857930E+00, -0.44609184E-02
     3137.,  0.83333333E-02, -0.14433757E-01,  0.36328875E-02,  0.30837169E+00,  0.98476289E+00, -0.89181830E-02
     3138.,  0.66666667E-02, -0.11547005E-01,  0.36328875E-02,  0.30539838E+00,  0.98558957E+00, -0.69679865E-02
     3139.,  0.37086822E-02, -0.16248799E-01,  0.36328875E-02,  0.30594646E+00,  0.98059724E+00, -0.11334509E-01
     3140.,  0.29669458E-02, -0.12999039E-01,  0.36328875E-02,  0.30389032E+00,  0.98299928E+00, -0.88559209E-02
     3141., -0.12455016E-02, -0.16620063E-01,  0.36328875E-02,  0.30159605E+00,  0.97852158E+00, -0.12743713E-01
     3142., -0.99640125E-03, -0.13296051E-01,  0.36328875E-02,  0.30118513E+00,  0.98170860E+00, -0.99569663E-02
     3143., -0.60890171E-02, -0.15514562E-01,  0.36328875E-02,  0.29683229E+00,  0.97925726E+00, -0.13020581E-01
     3144., -0.48712137E-02, -0.12411650E-01,  0.36328875E-02,  0.29822293E+00,  0.98216605E+00, -0.10173288E-01
     3145., -0.10391497E-01, -0.13030525E-01,  0.36328875E-02,  0.29331073E+00,  0.98254863E+00, -0.12140515E-01
     3146., -0.83131974E-02, -0.10424420E-01,  0.36328875E-02,  0.29603314E+00,  0.98421270E+00, -0.94856716E-02
     3147., -0.13770646E-01, -0.93886676E-02,  0.36328875E-02,  0.29225518E+00,  0.98725188E+00, -0.10181711E-01
     3148., -0.11016517E-01, -0.75109341E-02,  0.36328875E-02,  0.29537679E+00,  0.98713729E+00, -0.79552141E-02
     3149., -0.15926213E-01, -0.49125862E-02,  0.36328875E-02,  0.29403246E+00,  0.99173250E+00, -0.73182184E-02
     3150., -0.12740971E-01, -0.39300690E-02,  0.36328875E-02,  0.29648194E+00,  0.98992344E+00, -0.57178986E-02
     3151., -0.12740971E-01, -0.39300690E-02,  0.60000000E+00, -0.28177647E+00, -0.94197597E+00,  0.00000000E+00
     3152., -0.15926213E-01, -0.49125862E-02,  0.60000000E+00, -0.27925051E+00, -0.94382780E+00,  0.00000000E+00
     3153., -0.11016517E-01, -0.75109341E-02,  0.60000000E+00, -0.28064307E+00, -0.93911857E+00,  0.00000000E+00
     3154., -0.13770646E-01, -0.93886676E-02,  0.60000000E+00, -0.27742495E+00, -0.93922539E+00,  0.00000000E+00
     3155., -0.83131974E-02, -0.10424420E-01,  0.60000000E+00, -0.28131624E+00, -0.93611920E+00,  0.00000000E+00
     3156., -0.10391497E-01, -0.13030525E-01,  0.60000000E+00, -0.27850922E+00, -0.93439430E+00,  0.00000000E+00
     3157., -0.48712137E-02, -0.12411650E-01,  0.60000000E+00, -0.28356205E+00, -0.93402023E+00,  0.00000000E+00
     3158., -0.60890171E-02, -0.15514562E-01,  0.60000000E+00, -0.28212655E+00, -0.93101348E+00,  0.00000000E+00
     3159., -0.99640125E-03, -0.13296051E-01,  0.60000000E+00, -0.28660002E+00, -0.93355109E+00,  0.00000000E+00
     3160., -0.12455016E-02, -0.16620063E-01,  0.60000000E+00, -0.28701981E+00, -0.93025783E+00,  0.00000000E+00
     3161.,  0.29669458E-02, -0.12999039E-01,  0.60000000E+00, -0.28937439E+00, -0.93487481E+00,  0.00000000E+00
     3162.,  0.37086822E-02, -0.16248799E-01,  0.60000000E+00, -0.29148848E+00, -0.93238995E+00,  0.00000000E+00
     3163.,  0.66666667E-02, -0.11547005E-01,  0.60000000E+00, -0.29092100E+00, -0.93753138E+00,  0.00000000E+00
     3164.,  0.83333333E-02, -0.14433757E-01,  0.60000000E+00, -0.29397962E+00, -0.93666888E+00,  0.00000000E+00
     3165.,  0.97740250E-02, -0.90689698E-02,  0.60000000E+00, -0.29070237E+00, -0.94059758E+00,  0.00000000E+00
     3166.,  0.12217531E-01, -0.11336212E-01,  0.60000000E+00, -0.29362748E+00, -0.94160761E+00,  0.00000000E+00
     3167.,  0.12012918E-01, -0.57851165E-02,  0.60000000E+00, -0.28879448E+00, -0.94300784E+00,  0.00000000E+00
     3168.,  0.15016148E-01, -0.72313957E-02,  0.60000000E+00, -0.29055444E+00, -0.94548982E+00,  0.00000000E+00
     3169.,  0.13184411E-01, -0.19872302E-02,  0.60000000E+00, -0.28586036E+00, -0.94392454E+00,  0.00000000E+00
     3170.,  0.16480514E-01, -0.24840378E-02,  0.60000000E+00, -0.28582846E+00, -0.94696635E+00,  0.00000000E+00
     3171.,  0.13184411E-01,  0.19872302E-02,  0.60000000E+00, -0.28291969E+00, -0.94302911E+00,  0.00000000E+00
     3172.,  0.16480514E-01,  0.24840378E-02,  0.60000000E+00, -0.28109191E+00, -0.94552407E+00,  0.00000000E+00
     3173.,  0.12012918E-01,  0.57851165E-02,  0.60000000E+00, -0.28099441E+00, -0.94063273E+00,  0.00000000E+00
     3174.,  0.15016148E-01,  0.72313957E-02,  0.60000000E+00, -0.27799086E+00, -0.94166422E+00,  0.00000000E+00
     3175.,  0.97740250E-02,  0.90689698E-02,  0.60000000E+00, -0.28075359E+00, -0.93756819E+00,  0.00000000E+00
     3176.,  0.12217531E-01,  0.11336212E-01,  0.60000000E+00, -0.27760297E+00, -0.93672817E+00,  0.00000000E+00
     3177.,  0.66666667E-02,  0.11547005E-01,  0.60000000E+00, -0.28228093E+00, -0.93490050E+00,  0.00000000E+00
     3178.,  0.83333333E-02,  0.14433757E-01,  0.60000000E+00, -0.28006306E+00, -0.93243131E+00,  0.00000000E+00
     3179.,  0.29669458E-02,  0.12999039E-01,  0.60000000E+00, -0.28504565E+00, -0.93355673E+00,  0.00000000E+00
     3180.,  0.37086822E-02,  0.16248799E-01,  0.60000000E+00, -0.28451619E+00, -0.93026691E+00,  0.00000000E+00
     3181., -0.99640125E-03,  0.13296051E-01,  0.60000000E+00, -0.28808693E+00, -0.93400388E+00,  0.00000000E+00
     3182., -0.12455016E-02,  0.16620063E-01,  0.60000000E+00, -0.28941478E+00, -0.93098713E+00,  0.00000000E+00
     3183., -0.48712137E-02,  0.12411650E-01,  0.60000000E+00, -0.29034787E+00, -0.93608653E+00,  0.00000000E+00
     3184., -0.60890171E-02,  0.15514562E-01,  0.60000000E+00, -0.29305648E+00, -0.93434166E+00,  0.00000000E+00
     3185., -0.83131974E-02,  0.10424420E-01,  0.60000000E+00, -0.29104274E+00, -0.93908093E+00,  0.00000000E+00
     3186., -0.10391497E-01,  0.13030525E-01,  0.60000000E+00, -0.29417571E+00, -0.93916476E+00,  0.00000000E+00
     3187., -0.11016517E-01,  0.75109341E-02,  0.60000000E+00, -0.28993006E+00, -0.94194646E+00,  0.00000000E+00
     3188., -0.13770646E-01,  0.93886676E-02,  0.60000000E+00, -0.29238352E+00, -0.94378027E+00,  0.00000000E+00
     3189., -0.12740971E-01,  0.39300690E-02,  0.60000000E+00, -0.28739651E+00, -0.94368728E+00,  0.00000000E+00
     3190., -0.15926213E-01,  0.49125862E-02,  0.60000000E+00, -0.28830272E+00, -0.94658420E+00,  0.00000000E+00
     3191., -0.13333333E-01, -0.16328624E-17,  0.60000000E+00, -0.28432255E+00, -0.94369840E+00,  0.00000000E+00
     3192., -0.16666667E-01, -0.20410780E-17,  0.60000000E+00, -0.28335150E+00, -0.94660212E+00,  0.00000000E+00
     3193., -0.16666667E-01, -0.20410780E-17,  0.00000000E+00,  0.29848628E+00,  0.99597221E+00,  0.00000000E+00
     3194., -0.13333333E-01, -0.16328624E-17,  0.00000000E+00,  0.29942721E+00,  0.99313725E+00,  0.00000000E+00
     3195., -0.15926213E-01,  0.49125862E-02,  0.00000000E+00,  0.30331380E+00,  0.99595472E+00,  0.00000000E+00
     3196., -0.12740971E-01,  0.39300690E-02,  0.00000000E+00,  0.30242913E+00,  0.99312638E+00,  0.00000000E+00
     3197., -0.13770646E-01,  0.93886676E-02,  0.00000000E+00,  0.30729264E+00,  0.99322083E+00,  0.00000000E+00
     3198., -0.11016517E-01,  0.75109341E-02,  0.00000000E+00,  0.30490330E+00,  0.99142636E+00,  0.00000000E+00
     3199., -0.10391497E-01,  0.13030525E-01,  0.00000000E+00,  0.30904006E+00,  0.98872062E+00,  0.00000000E+00
     3200., -0.83131974E-02,  0.10424420E-01,  0.00000000E+00,  0.30598990E+00,  0.98862798E+00,  0.00000000E+00
     3201., -0.60890171E-02,  0.15514562E-01,  0.00000000E+00,  0.30794879E+00,  0.98401803E+00,  0.00000000E+00
     3202., -0.48712137E-02,  0.12411650E-01,  0.00000000E+00,  0.30531131E+00,  0.98570376E+00,  0.00000000E+00
     3203., -0.12455016E-02,  0.16620063E-01,  0.00000000E+00,  0.30439807E+00,  0.98074731E+00,  0.00000000E+00
     3204., -0.99640125E-03,  0.13296051E-01,  0.00000000E+00,  0.30310337E+00,  0.98366993E+00,  0.00000000E+00
     3205.,  0.37086822E-02,  0.16248799E-01,  0.00000000E+00,  0.29962188E+00,  0.98004509E+00,  0.00000000E+00
     3206.,  0.29669458E-02,  0.12999039E-01,  0.00000000E+00,  0.30013338E+00,  0.98323326E+00,  0.00000000E+00
     3207.,  0.83333333E-02,  0.14433757E-01,  0.00000000E+00,  0.29528002E+00,  0.98215541E+00,  0.00000000E+00
     3208.,  0.66666667E-02,  0.11547005E-01,  0.00000000E+00,  0.29743347E+00,  0.98454552E+00,  0.00000000E+00
     3209.,  0.12217531E-01,  0.11336212E-01,  0.00000000E+00,  0.29288141E+00,  0.98634490E+00,  0.00000000E+00
     3210.,  0.97740250E-02,  0.90689698E-02,  0.00000000E+00,  0.29594194E+00,  0.98715068E+00,  0.00000000E+00
     3211.,  0.15016148E-01,  0.72313957E-02,  0.00000000E+00,  0.29325960E+00,  0.99115760E+00,  0.00000000E+00
     3212.,  0.12012918E-01,  0.57851165E-02,  0.00000000E+00,  0.29617711E+00,  0.99014337E+00,  0.00000000E+00
     3213.,  0.16480514E-01,  0.24840378E-02,  0.00000000E+00,  0.29628316E+00,  0.99492098E+00,  0.00000000E+00
     3214.,  0.13184411E-01,  0.19872302E-02,  0.00000000E+00,  0.29805725E+00,  0.99248356E+00,  0.00000000E+00
     3215.,  0.16480514E-01, -0.24840378E-02,  0.00000000E+00,  0.30090134E+00,  0.99632720E+00,  0.00000000E+00
     3216.,  0.13184411E-01, -0.19872302E-02,  0.00000000E+00,  0.30092897E+00,  0.99335799E+00,  0.00000000E+00
     3217.,  0.15016148E-01, -0.72313957E-02,  0.00000000E+00,  0.30550921E+00,  0.99488756E+00,  0.00000000E+00
     3218.,  0.12012918E-01, -0.57851165E-02,  0.00000000E+00,  0.30379429E+00,  0.99246277E+00,  0.00000000E+00
     3219.,  0.12217531E-01, -0.11336212E-01,  0.00000000E+00,  0.30850543E+00,  0.99110236E+00,  0.00000000E+00
     3220.,  0.97740250E-02, -0.90689698E-02,  0.00000000E+00,  0.30565743E+00,  0.99010901E+00,  0.00000000E+00
     3221.,  0.83333333E-02, -0.14433757E-01,  0.00000000E+00,  0.30884874E+00,  0.98628704E+00,  0.00000000E+00
     3222.,  0.66666667E-02, -0.11547005E-01,  0.00000000E+00,  0.30587091E+00,  0.98711470E+00,  0.00000000E+00
     3223.,  0.37086822E-02, -0.16248799E-01,  0.00000000E+00,  0.30641983E+00,  0.98211506E+00,  0.00000000E+00
     3224.,  0.29669458E-02, -0.12999039E-01,  0.00000000E+00,  0.30436054E+00,  0.98452043E+00,  0.00000000E+00
     3225., -0.12455016E-02, -0.16620063E-01,  0.00000000E+00,  0.30206280E+00,  0.98003625E+00,  0.00000000E+00
     3226., -0.99640125E-03, -0.13296051E-01,  0.00000000E+00,  0.30165120E+00,  0.98322777E+00,  0.00000000E+00
     3227., -0.60890171E-02, -0.15514562E-01,  0.00000000E+00,  0.29729181E+00,  0.98077304E+00,  0.00000000E+00
     3228., -0.48712137E-02, -0.12411650E-01,  0.00000000E+00,  0.29868445E+00,  0.98368592E+00,  0.00000000E+00
     3229., -0.10391497E-01, -0.13030525E-01,  0.00000000E+00,  0.29376490E+00,  0.98406942E+00,  0.00000000E+00
     3230., -0.83131974E-02, -0.10424420E-01,  0.00000000E+00,  0.29649130E+00,  0.98573571E+00,  0.00000000E+00
     3231., -0.13770646E-01, -0.93886676E-02,  0.00000000E+00,  0.29270775E+00,  0.98877981E+00,  0.00000000E+00
     3232., -0.11016517E-01, -0.75109341E-02,  0.00000000E+00,  0.29583394E+00,  0.98866479E+00,  0.00000000E+00
     3233., -0.15926213E-01, -0.49125862E-02,  0.00000000E+00,  0.29448773E+00,  0.99326723E+00,  0.00000000E+00
     3234., -0.12740971E-01, -0.39300690E-02,  0.00000000E+00,  0.29694079E+00,  0.99145521E+00,  0.00000000E+00
     3235., -0.19111456E-01, -0.58951035E-02,  0.00000000E+00,  0.29143997E+00,  0.99550399E+00,  0.00000000E+00
     3236., -0.16524775E-01, -0.11266401E-01,  0.00000000E+00,  0.28882466E+00,  0.98891067E+00,  0.00000000E+00
     3237., -0.12469796E-01, -0.15636630E-01,  0.00000000E+00,  0.29037793E+00,  0.98198975E+00,  0.00000000E+00
     3238., -0.73068205E-02, -0.18617475E-01,  0.00000000E+00,  0.29556000E+00,  0.97714641E+00,  0.00000000E+00
     3239., -0.14946019E-02, -0.19944076E-01,  0.00000000E+00,  0.30256997E+00,  0.97606384E+00,  0.00000000E+00
     3240.,  0.44504187E-02, -0.19498558E-01,  0.00000000E+00,  0.30897171E+00,  0.97911821E+00,  0.00000000E+00
     3241.,  0.10000000E-01, -0.17320508E-01,  0.00000000E+00,  0.31254048E+00,  0.98524808E+00,  0.00000000E+00
     3242.,  0.14661037E-01, -0.13603455E-01,  0.00000000E+00,  0.31203606E+00,  0.99232319E+00,  0.00000000E+00
     3243.,  0.18019377E-01, -0.86776748E-02,  0.00000000E+00,  0.30763374E+00,  0.99788474E+00,  0.00000000E+00
     3244.,  0.19776617E-01, -0.29808453E-02,  0.00000000E+00,  0.30086343E+00,  0.10000000E+01,  0.00000000E+00
     3245.,  0.19776617E-01,  0.29808453E-02,  0.00000000E+00,  0.29407798E+00,  0.99793385E+00,  0.00000000E+00
     3246.,  0.18019377E-01,  0.86776748E-02,  0.00000000E+00,  0.28963548E+00,  0.99240434E+00,  0.00000000E+00
     3247.,  0.14661037E-01,  0.13603455E-01,  0.00000000E+00,  0.28907980E+00,  0.98533309E+00,  0.00000000E+00
     3248.,  0.10000000E-01,  0.17320508E-01,  0.00000000E+00,  0.29260406E+00,  0.97917751E+00,  0.00000000E+00
     3249.,  0.44504187E-02,  0.19498558E-01,  0.00000000E+00,  0.29898351E+00,  0.97607683E+00,  0.00000000E+00
     3250., -0.14946019E-02,  0.19944076E-01,  0.00000000E+00,  0.30600113E+00,  0.97710859E+00,  0.00000000E+00
     3251., -0.73068205E-02,  0.18617475E-01,  0.00000000E+00,  0.31121816E+00,  0.98191423E+00,  0.00000000E+00
     3252., -0.12469796E-01,  0.15636630E-01,  0.00000000E+00,  0.31282156E+00,  0.98882371E+00,  0.00000000E+00
     3253., -0.16524775E-01,  0.11266401E-01,  0.00000000E+00,  0.31025410E+00,  0.99543582E+00,  0.00000000E+00
     3254., -0.20000000E-01, -0.24492936E-17,  0.00000000E+00,  0.29731500E+00,  0.99947840E+00,  0.00000000E+00
     3255., -0.19111456E-01,  0.58951035E-02,  0.00000000E+00,  0.30440804E+00,  0.99945270E+00,  0.00000000E+00
     3256., -0.95557281E-02, -0.29475517E-02,  0.00000000E+00,  0.29879281E+00,  0.99009385E+00,  0.00000000E+00
     3257., -0.82623877E-02, -0.56332006E-02,  0.00000000E+00,  0.29819371E+00,  0.98858348E+00,  0.00000000E+00
     3258., -0.62348980E-02, -0.78183148E-02,  0.00000000E+00,  0.29854951E+00,  0.98699807E+00,  0.00000000E+00
     3259., -0.36534102E-02, -0.93087375E-02,  0.00000000E+00,  0.29973658E+00,  0.98588859E+00,  0.00000000E+00
     3260., -0.74730094E-03, -0.99720380E-02,  0.00000000E+00,  0.30134239E+00,  0.98564061E+00,  0.00000000E+00
     3261.,  0.22252093E-02, -0.97492791E-02,  0.00000000E+00,  0.30280887E+00,  0.98634028E+00,  0.00000000E+00
     3262.,  0.50000000E-02, -0.86602540E-02,  0.00000000E+00,  0.30362639E+00,  0.98774447E+00,  0.00000000E+00
     3263.,  0.73305187E-02, -0.68017274E-02,  0.00000000E+00,  0.30351084E+00,  0.98936519E+00,  0.00000000E+00
     3264.,  0.90096887E-02, -0.43388374E-02,  0.00000000E+00,  0.30250238E+00,  0.99063921E+00,  0.00000000E+00
     3265.,  0.98883083E-02, -0.14904227E-02,  0.00000000E+00,  0.30095148E+00,  0.99112376E+00,  0.00000000E+00
     3266.,  0.98883083E-02,  0.14904227E-02,  0.00000000E+00,  0.29939712E+00,  0.99065046E+00,  0.00000000E+00
     3267.,  0.90096887E-02,  0.43388374E-02,  0.00000000E+00,  0.29837947E+00,  0.98938379E+00,  0.00000000E+00
     3268.,  0.73305187E-02,  0.68017274E-02,  0.00000000E+00,  0.29825218E+00,  0.98776394E+00,  0.00000000E+00
     3269.,  0.50000000E-02,  0.86602540E-02,  0.00000000E+00,  0.29905949E+00,  0.98635386E+00,  0.00000000E+00
     3270.,  0.22252093E-02,  0.97492791E-02,  0.00000000E+00,  0.30052086E+00,  0.98564358E+00,  0.00000000E+00
     3271., -0.74730094E-03,  0.99720380E-02,  0.00000000E+00,  0.30212843E+00,  0.98587994E+00,  0.00000000E+00
     3272., -0.36534102E-02,  0.93087375E-02,  0.00000000E+00,  0.30332352E+00,  0.98698078E+00,  0.00000000E+00
     3273., -0.62348980E-02,  0.78183148E-02,  0.00000000E+00,  0.30369081E+00,  0.98856356E+00,  0.00000000E+00
     3274., -0.82623877E-02,  0.56332006E-02,  0.00000000E+00,  0.30310266E+00,  0.99007823E+00,  0.00000000E+00
     3275., -0.10000000E-01, -0.12246468E-17,  0.00000000E+00,  0.30013863E+00,  0.99100429E+00,  0.00000000E+00
     3276., -0.95557281E-02,  0.29475517E-02,  0.00000000E+00,  0.30176347E+00,  0.99099840E+00,  0.00000000E+00
     3277., -0.95557281E-02, -0.29475517E-02,  0.36328875E-02,  0.29833141E+00,  0.98856439E+00, -0.41032975E-02
     3278., -0.82623877E-02, -0.56332006E-02,  0.36328875E-02,  0.29773327E+00,  0.98705645E+00, -0.57088466E-02
     3279., -0.62348980E-02, -0.78183148E-02,  0.36328875E-02,  0.29808850E+00,  0.98547359E+00, -0.68071382E-02
     3280., -0.36534102E-02, -0.93087375E-02,  0.36328875E-02,  0.29927365E+00,  0.98436590E+00, -0.73005879E-02
     3281., -0.74730094E-03, -0.99720380E-02,  0.36328875E-02,  0.30087687E+00,  0.98411831E+00, -0.71453500E-02
     3282.,  0.22252093E-02, -0.97492791E-02,  0.36328875E-02,  0.30234100E+00,  0.98481686E+00, -0.63552135E-02
     3283.,  0.50000000E-02, -0.86602540E-02,  0.36328875E-02,  0.30315720E+00,  0.98621879E+00, -0.50003883E-02
     3284.,  0.73305187E-02, -0.68017274E-02,  0.36328875E-02,  0.30304183E+00,  0.98783690E+00, -0.32012569E-02
     3285.,  0.90096887E-02, -0.43388374E-02,  0.36328875E-02,  0.30203500E+00,  0.98910887E+00, -0.11176823E-02
     3286.,  0.98883083E-02, -0.14904227E-02,  0.36328875E-02,  0.30048660E+00,  0.98959264E+00,  0.10652035E-02
     3287.,  0.98883083E-02,  0.14904227E-02,  0.36328875E-02,  0.29893474E+00,  0.98912010E+00,  0.31534444E-02
     3288.,  0.90096887E-02,  0.43388374E-02,  0.36328875E-02,  0.29791872E+00,  0.98785547E+00,  0.49614863E-02
     3289.,  0.73305187E-02,  0.68017274E-02,  0.36328875E-02,  0.29779164E+00,  0.98623823E+00,  0.63286757E-02
     3290.,  0.50000000E-02,  0.86602540E-02,  0.36328875E-02,  0.29859765E+00,  0.98483042E+00,  0.71335352E-02
     3291.,  0.22252093E-02,  0.97492791E-02,  0.36328875E-02,  0.30005667E+00,  0.98412129E+00,  0.73045524E-02
     3292., -0.74730094E-03,  0.99720380E-02,  0.36328875E-02,  0.30166165E+00,  0.98435726E+00,  0.68265263E-02
     3293., -0.36534102E-02,  0.93087375E-02,  0.36328875E-02,  0.30285482E+00,  0.98545633E+00,  0.57419305E-02
     3294., -0.62348980E-02,  0.78183148E-02,  0.36328875E-02,  0.30322152E+00,  0.98703656E+00,  0.41471407E-02
     3295., -0.82623877E-02,  0.56332006E-02,  0.36328875E-02,  0.30263432E+00,  0.98854879E+00,  0.21838606E-02
     3296., -0.95557281E-02,  0.29475517E-02,  0.36328875E-02,  0.30129728E+00,  0.98946748E+00,  0.26534071E-04
     3297., -0.95557281E-02, -0.29475517E-02,  0.74044719E-02,  0.29687709E+00,  0.98374411E+00, -0.83507698E-02
     3298., -0.82623877E-02, -0.56332006E-02,  0.74044719E-02,  0.29628196E+00,  0.98224376E+00, -0.11618280E-01
     3299., -0.62348980E-02, -0.78183148E-02,  0.74044719E-02,  0.29663541E+00,  0.98066886E+00, -0.13853453E-01
     3300., -0.36534102E-02, -0.93087375E-02,  0.74044719E-02,  0.29781460E+00,  0.97956674E+00, -0.14857690E-01
     3301., -0.74730094E-03, -0.99720380E-02,  0.74044719E-02,  0.29940975E+00,  0.97932041E+00, -0.14541758E-01
     3302.,  0.22252093E-02, -0.97492791E-02,  0.74044719E-02,  0.30086650E+00,  0.98001544E+00, -0.12933724E-01
     3303.,  0.50000000E-02, -0.86602540E-02,  0.74044719E-02,  0.30167860E+00,  0.98141031E+00, -0.10176469E-01
     3304.,  0.73305187E-02, -0.68017274E-02,  0.74044719E-02,  0.30156381E+00,  0.98302028E+00, -0.65149944E-02
     3305.,  0.90096887E-02, -0.43388374E-02,  0.74044719E-02,  0.30056204E+00,  0.98428584E+00, -0.22746362E-02
     3306.,  0.98883083E-02, -0.14904227E-02,  0.74044719E-02,  0.29902144E+00,  0.98476718E+00,  0.21678352E-02
     3307.,  0.98883083E-02,  0.14904227E-02,  0.74044719E-02,  0.29747738E+00,  0.98429702E+00,  0.64176893E-02
     3308.,  0.90096887E-02,  0.43388374E-02,  0.74044719E-02,  0.29646648E+00,  0.98303875E+00,  0.10097301E-01
     3309.,  0.73305187E-02,  0.68017274E-02,  0.74044719E-02,  0.29634004E+00,  0.98142965E+00,  0.12879719E-01
     3310.,  0.50000000E-02,  0.86602540E-02,  0.74044719E-02,  0.29714200E+00,  0.98002892E+00,  0.14517717E-01
     3311.,  0.22252093E-02,  0.97492791E-02,  0.74044719E-02,  0.29859367E+00,  0.97932336E+00,  0.14865759E-01
     3312., -0.74730094E-03,  0.99720380E-02,  0.74044719E-02,  0.30019057E+00,  0.97955815E+00,  0.13892912E-01
     3313., -0.36534102E-02,  0.93087375E-02,  0.74044719E-02,  0.30137774E+00,  0.98065169E+00,  0.11685614E-01
     3314., -0.62348980E-02,  0.78183148E-02,  0.74044719E-02,  0.30174259E+00,  0.98222397E+00,  0.84399973E-02
     3315., -0.82623877E-02,  0.56332006E-02,  0.74044719E-02,  0.30115834E+00,  0.98372859E+00,  0.44444549E-02
     3316., -0.95557281E-02,  0.29475517E-02,  0.74044719E-02,  0.29982804E+00,  0.98464265E+00,  0.54001665E-04
     3317., -0.95557281E-02, -0.29475517E-02,  0.11320049E-01,  0.29432008E+00,  0.97527012E+00, -0.12732376E-01
     3318., -0.82623877E-02, -0.56332006E-02,  0.11320049E-01,  0.29373017E+00,  0.97378292E+00, -0.17714336E-01
     3319., -0.62348980E-02, -0.78183148E-02,  0.11320049E-01,  0.29408051E+00,  0.97222183E+00, -0.21122293E-01
     3320., -0.36534102E-02, -0.93087375E-02,  0.11320049E-01,  0.29524938E+00,  0.97112936E+00, -0.22653449E-01
     3321., -0.74730094E-03, -0.99720380E-02,  0.11320049E-01,  0.29683055E+00,  0.97088518E+00, -0.22171750E-01
     3322.,  0.22252093E-02, -0.97492791E-02,  0.11320049E-01,  0.29827454E+00,  0.97157412E+00, -0.19719988E-01
     3323.,  0.50000000E-02, -0.86602540E-02,  0.11320049E-01,  0.29907951E+00,  0.97295677E+00, -0.15516017E-01
     3324.,  0.73305187E-02, -0.68017274E-02,  0.11320049E-01,  0.29896574E+00,  0.97455263E+00, -0.99333826E-02
     3325.,  0.90096887E-02, -0.43388374E-02,  0.11320049E-01,  0.29797275E+00,  0.97580710E+00, -0.34681269E-02
     3326.,  0.98883083E-02, -0.14904227E-02,  0.11320049E-01,  0.29644564E+00,  0.97628422E+00,  0.33052888E-02
     3327.,  0.98883083E-02,  0.14904227E-02,  0.11320049E-01,  0.29491511E+00,  0.97581818E+00,  0.97850198E-02
     3328.,  0.90096887E-02,  0.43388374E-02,  0.11320049E-01,  0.29391307E+00,  0.97457094E+00,  0.15395306E-01
     3329.,  0.73305187E-02,  0.68017274E-02,  0.11320049E-01,  0.29378773E+00,  0.97297594E+00,  0.19637648E-01
     3330.,  0.50000000E-02,  0.86602540E-02,  0.11320049E-01,  0.29458267E+00,  0.97158749E+00,  0.22135099E-01
     3331.,  0.22252093E-02,  0.97492791E-02,  0.11320049E-01,  0.29602162E+00,  0.97088810E+00,  0.22665756E-01
     3332., -0.74730094E-03,  0.99720380E-02,  0.11320049E-01,  0.29760453E+00,  0.97112083E+00,  0.21182458E-01
     3333., -0.36534102E-02,  0.93087375E-02,  0.11320049E-01,  0.29878129E+00,  0.97220480E+00,  0.17817002E-01
     3334., -0.62348980E-02,  0.78183148E-02,  0.11320049E-01,  0.29914295E+00,  0.97376330E+00,  0.12868426E-01
     3335., -0.82623877E-02,  0.56332006E-02,  0.11320049E-01,  0.29856382E+00,  0.97525474E+00,  0.67764405E-02
     3336., -0.95557281E-02,  0.29475517E-02,  0.11320049E-01,  0.29724517E+00,  0.97616079E+00,  0.82337671E-04
     3337., -0.95557281E-02, -0.29475517E-02,  0.15385115E-01,  0.29054509E+00,  0.96276123E+00, -0.17234921E-01
     3338., -0.82623877E-02, -0.56332006E-02,  0.15385115E-01,  0.28996277E+00,  0.96129317E+00, -0.23978649E-01
     3339., -0.62348980E-02, -0.78183148E-02,  0.15385115E-01,  0.29030861E+00,  0.95975218E+00, -0.28591767E-01
     3340., -0.36534102E-02, -0.93087375E-02,  0.15385115E-01,  0.29146242E+00,  0.95867378E+00, -0.30664386E-01
     3341., -0.74730094E-03, -0.99720380E-02,  0.15385115E-01,  0.29302323E+00,  0.95843274E+00, -0.30012339E-01
     3342.,  0.22252093E-02, -0.97492791E-02,  0.15385115E-01,  0.29444863E+00,  0.95911281E+00, -0.26693563E-01
     3343.,  0.50000000E-02, -0.86602540E-02,  0.15385115E-01,  0.29524324E+00,  0.96047766E+00, -0.21002945E-01
     3344.,  0.73305187E-02, -0.68017274E-02,  0.15385115E-01,  0.29513093E+00,  0.96205297E+00, -0.13446124E-01
     3345.,  0.90096887E-02, -0.43388374E-02,  0.15385115E-01,  0.29415072E+00,  0.96329129E+00, -0.46945597E-02
     3346.,  0.98883083E-02, -0.14904227E-02,  0.15385115E-01,  0.29264327E+00,  0.96376227E+00,  0.44741376E-02
     3347.,  0.98883083E-02,  0.14904227E-02,  0.15385115E-01,  0.29113246E+00,  0.96330223E+00,  0.13245295E-01
     3348.,  0.90096887E-02,  0.43388374E-02,  0.15385115E-01,  0.29014331E+00,  0.96207105E+00,  0.20839544E-01
     3349.,  0.73305187E-02,  0.68017274E-02,  0.15385115E-01,  0.29001959E+00,  0.96049658E+00,  0.26582106E-01
     3350.,  0.50000000E-02,  0.86602540E-02,  0.15385115E-01,  0.29080429E+00,  0.95912600E+00,  0.29962734E-01
     3351.,  0.22252093E-02,  0.97492791E-02,  0.15385115E-01,  0.29222472E+00,  0.95843562E+00,  0.30681043E-01
     3352., -0.74730094E-03,  0.99720380E-02,  0.15385115E-01,  0.29378725E+00,  0.95866536E+00,  0.28673206E-01
     3353., -0.36534102E-02,  0.93087375E-02,  0.15385115E-01,  0.29494886E+00,  0.95973536E+00,  0.24117627E-01
     3354., -0.62348980E-02,  0.78183148E-02,  0.15385115E-01,  0.29530586E+00,  0.96127380E+00,  0.17419089E-01
     3355., -0.82623877E-02,  0.56332006E-02,  0.15385115E-01,  0.29473419E+00,  0.96274604E+00,  0.91727937E-02
     3356., -0.95557281E-02,  0.29475517E-02,  0.15385115E-01,  0.29343252E+00,  0.96364043E+00,  0.11145487E-03
     3357., -0.95557281E-02, -0.29475517E-02,  0.19605378E-01,  0.28543266E+00,  0.94582196E+00, -0.21840163E-01
     3358., -0.82623877E-02, -0.56332006E-02,  0.19605378E-01,  0.28486054E+00,  0.94437960E+00, -0.30385843E-01
     3359., -0.62348980E-02, -0.78183148E-02,  0.19605378E-01,  0.28520032E+00,  0.94286558E+00, -0.36231607E-01
     3360., -0.36534102E-02, -0.93087375E-02,  0.19605378E-01,  0.28633394E+00,  0.94180606E+00, -0.38858037E-01
     3361., -0.74730094E-03, -0.99720380E-02,  0.19605378E-01,  0.28786743E+00,  0.94156924E+00, -0.38031762E-01
     3362.,  0.22252093E-02, -0.97492791E-02,  0.19605378E-01,  0.28926788E+00,  0.94223741E+00, -0.33826196E-01
     3363.,  0.50000000E-02, -0.86602540E-02,  0.19605378E-01,  0.29004858E+00,  0.94357836E+00, -0.26615021E-01
     3364.,  0.73305187E-02, -0.68017274E-02,  0.19605378E-01,  0.28993823E+00,  0.94512610E+00, -0.17038985E-01
     3365.,  0.90096887E-02, -0.43388374E-02,  0.19605378E-01,  0.28897519E+00,  0.94634275E+00, -0.59489652E-02
     3366.,  0.98883083E-02, -0.14904227E-02,  0.19605378E-01,  0.28749412E+00,  0.94680548E+00,  0.56696480E-02
     3367.,  0.98883083E-02,  0.14904227E-02,  0.19605378E-01,  0.28600975E+00,  0.94635349E+00,  0.16784493E-01
     3368.,  0.90096887E-02,  0.43388374E-02,  0.19605378E-01,  0.28503792E+00,  0.94514386E+00,  0.26407958E-01
     3369.,  0.73305187E-02,  0.68017274E-02,  0.19605378E-01,  0.28491636E+00,  0.94359695E+00,  0.33684958E-01
     3370.,  0.50000000E-02,  0.86602540E-02,  0.19605378E-01,  0.28568733E+00,  0.94225037E+00,  0.37968904E-01
     3371.,  0.22252093E-02,  0.97492791E-02,  0.19605378E-01,  0.28708289E+00,  0.94157207E+00,  0.38879148E-01
     3372., -0.74730094E-03,  0.99720380E-02,  0.19605378E-01,  0.28861807E+00,  0.94179779E+00,  0.36334808E-01
     3373., -0.36534102E-02,  0.93087375E-02,  0.19605378E-01,  0.28975935E+00,  0.94284907E+00,  0.30561960E-01
     3374., -0.62348980E-02,  0.78183148E-02,  0.19605378E-01,  0.29011010E+00,  0.94436058E+00,  0.22073544E-01
     3375., -0.82623877E-02,  0.56332006E-02,  0.19605378E-01,  0.28954844E+00,  0.94580704E+00,  0.11623802E-01
     3376., -0.95557281E-02,  0.29475517E-02,  0.19605378E-01,  0.28826955E+00,  0.94668578E+00,  0.14123563E-03
     3377., -0.95557281E-02, -0.29475517E-02,  0.23986762E-01,  0.27886068E+00,  0.92404716E+00, -0.26526260E-01
     3378., -0.82623877E-02, -0.56332006E-02,  0.23986762E-01,  0.27830162E+00,  0.92263776E+00, -0.36905530E-01
     3379., -0.62348980E-02, -0.78183148E-02,  0.23986762E-01,  0.27863364E+00,  0.92115832E+00, -0.44005581E-01
     3380., -0.36534102E-02, -0.93087375E-02,  0.23986762E-01,  0.27974137E+00,  0.92012300E+00, -0.47195545E-01
     3381., -0.74730094E-03, -0.99720380E-02,  0.23986762E-01,  0.28123983E+00,  0.91989158E+00, -0.46191980E-01
     3382.,  0.22252093E-02, -0.97492791E-02,  0.23986762E-01,  0.28260829E+00,  0.92054449E+00, -0.41084054E-01
     3383.,  0.50000000E-02, -0.86602540E-02,  0.23986762E-01,  0.28337116E+00,  0.92185482E+00, -0.32325626E-01
     3384.,  0.73305187E-02, -0.68017274E-02,  0.23986762E-01,  0.28326333E+00,  0.92336720E+00, -0.20694925E-01
     3385.,  0.90096887E-02, -0.43388374E-02,  0.23986762E-01,  0.28232228E+00,  0.92455605E+00, -0.72253933E-02
     3386.,  0.98883083E-02, -0.14904227E-02,  0.23986762E-01,  0.28087505E+00,  0.92500821E+00,  0.68861479E-02
     3387.,  0.98883083E-02,  0.14904227E-02,  0.23986762E-01,  0.27942458E+00,  0.92456655E+00,  0.20385831E-01
     3388.,  0.90096887E-02,  0.43388374E-02,  0.23986762E-01,  0.27847495E+00,  0.92338455E+00,  0.32074138E-01
     3389.,  0.73305187E-02,  0.68017274E-02,  0.23986762E-01,  0.27835617E+00,  0.92187298E+00,  0.40912516E-01
     3390.,  0.50000000E-02,  0.86602540E-02,  0.23986762E-01,  0.27910953E+00,  0.92055715E+00,  0.46115638E-01
     3391.,  0.22252093E-02,  0.97492791E-02,  0.23986762E-01,  0.28047321E+00,  0.91989435E+00,  0.47221186E-01
     3392., -0.74730094E-03,  0.99720380E-02,  0.23986762E-01,  0.28197332E+00,  0.92011491E+00,  0.44130923E-01
     3393., -0.36534102E-02,  0.93087375E-02,  0.23986762E-01,  0.28308853E+00,  0.92114218E+00,  0.37119434E-01
     3394., -0.62348980E-02,  0.78183148E-02,  0.23986762E-01,  0.28343127E+00,  0.92261916E+00,  0.26809716E-01
     3395., -0.82623877E-02,  0.56332006E-02,  0.23986762E-01,  0.28288244E+00,  0.92403259E+00,  0.14117842E-01
     3396., -0.95557281E-02,  0.29475517E-02,  0.23986762E-01,  0.28163276E+00,  0.92489125E+00,  0.17153811E-03
     3397., -0.95557281E-02, -0.29475517E-02,  0.28535421E-01,  0.27070588E+00,  0.89702760E+00, -0.31266019E-01
     3398., -0.82623877E-02, -0.56332006E-02,  0.28535421E-01,  0.27016307E+00,  0.89565916E+00, -0.43499875E-01
     3399., -0.62348980E-02, -0.78183148E-02,  0.28535421E-01,  0.27048545E+00,  0.89422272E+00, -0.51868576E-01
     3400., -0.36534102E-02, -0.93087375E-02,  0.28535421E-01,  0.27156097E+00,  0.89321749E+00, -0.55628531E-01
     3401., -0.74730094E-03, -0.99720380E-02,  0.28535421E-01,  0.27301589E+00,  0.89299280E+00, -0.54445645E-01
     3402.,  0.22252093E-02, -0.97492791E-02,  0.28535421E-01,  0.27434457E+00,  0.89362673E+00, -0.48425025E-01
     3403.,  0.50000000E-02, -0.86602540E-02,  0.28535421E-01,  0.27508527E+00,  0.89489897E+00, -0.38101626E-01
     3404.,  0.73305187E-02, -0.68017274E-02,  0.28535421E-01,  0.27498058E+00,  0.89636740E+00, -0.24392730E-01
     3405.,  0.90096887E-02, -0.43388374E-02,  0.28535421E-01,  0.27406688E+00,  0.89752170E+00, -0.85164387E-02
     3406.,  0.98883083E-02, -0.14904227E-02,  0.28535421E-01,  0.27266171E+00,  0.89796072E+00,  0.81165781E-02
     3407.,  0.98883083E-02,  0.14904227E-02,  0.28535421E-01,  0.27125340E+00,  0.89753189E+00,  0.24028407E-01
     3408.,  0.90096887E-02,  0.43388374E-02,  0.28535421E-01,  0.27033137E+00,  0.89638425E+00,  0.37805202E-01
     3409.,  0.73305187E-02,  0.68017274E-02,  0.28535421E-01,  0.27021605E+00,  0.89491661E+00,  0.48222837E-01
     3410.,  0.50000000E-02,  0.86602540E-02,  0.28535421E-01,  0.27094750E+00,  0.89363903E+00,  0.54355662E-01
     3411.,  0.22252093E-02,  0.97492791E-02,  0.28535421E-01,  0.27227155E+00,  0.89299549E+00,  0.55658751E-01
     3412., -0.74730094E-03,  0.99720380E-02,  0.28535421E-01,  0.27372806E+00,  0.89320964E+00,  0.52016315E-01
     3413., -0.36534102E-02,  0.93087375E-02,  0.28535421E-01,  0.27481086E+00,  0.89420705E+00,  0.43751998E-01
     3414., -0.62348980E-02,  0.78183148E-02,  0.28535421E-01,  0.27514363E+00,  0.89564110E+00,  0.31600122E-01
     3415., -0.82623877E-02,  0.56332006E-02,  0.28535421E-01,  0.27461075E+00,  0.89701345E+00,  0.16640443E-01
     3416., -0.95557281E-02,  0.29475517E-02,  0.28535421E-01,  0.27339740E+00,  0.89784715E+00,  0.20218946E-03
     3417., -0.95557281E-02, -0.29475517E-02,  0.33257738E-01,  0.26084599E+00,  0.86435709E+00, -0.36026429E-01
     3418., -0.82623877E-02, -0.56332006E-02,  0.33257738E-01,  0.26032293E+00,  0.86303841E+00, -0.50122951E-01
     3419., -0.62348980E-02, -0.78183148E-02,  0.33257738E-01,  0.26063357E+00,  0.86165422E+00, -0.59765831E-01
     3420., -0.36534102E-02, -0.93087375E-02,  0.33257738E-01,  0.26166998E+00,  0.86068555E+00, -0.64098257E-01
     3421., -0.74730094E-03, -0.99720380E-02,  0.33257738E-01,  0.26307198E+00,  0.86046903E+00, -0.62735272E-01
     3422.,  0.22252093E-02, -0.97492791E-02,  0.33257738E-01,  0.26435234E+00,  0.86107990E+00, -0.55797983E-01
     3423.,  0.50000000E-02, -0.86602540E-02,  0.33257738E-01,  0.26506610E+00,  0.86230587E+00, -0.43902794E-01
     3424.,  0.73305187E-02, -0.68017274E-02,  0.33257738E-01,  0.26496522E+00,  0.86372089E+00, -0.28106650E-01
     3425.,  0.90096887E-02, -0.43388374E-02,  0.33257738E-01,  0.26408475E+00,  0.86483321E+00, -0.98131119E-02
     3426.,  0.98883083E-02, -0.14904227E-02,  0.33257738E-01,  0.26273069E+00,  0.86525626E+00,  0.93523660E-02
     3427.,  0.98883083E-02,  0.14904227E-02,  0.33257738E-01,  0.26137360E+00,  0.86484303E+00,  0.27686854E-01
     3428.,  0.90096887E-02,  0.43388374E-02,  0.33257738E-01,  0.26048511E+00,  0.86373713E+00,  0.43561235E-01
     3429.,  0.73305187E-02,  0.68017274E-02,  0.33257738E-01,  0.26037397E+00,  0.86232287E+00,  0.55565007E-01
     3430.,  0.50000000E-02,  0.86602540E-02,  0.33257738E-01,  0.26107883E+00,  0.86109175E+00,  0.62631587E-01
     3431.,  0.22252093E-02,  0.97492791E-02,  0.33257738E-01,  0.26235472E+00,  0.86047163E+00,  0.64133077E-01
     3432., -0.74730094E-03,  0.99720380E-02,  0.33257738E-01,  0.26375826E+00,  0.86067798E+00,  0.59936062E-01
     3433., -0.36534102E-02,  0.93087375E-02,  0.33257738E-01,  0.26480167E+00,  0.86163911E+00,  0.50413465E-01
     3434., -0.62348980E-02,  0.78183148E-02,  0.33257738E-01,  0.26512234E+00,  0.86302101E+00,  0.36411403E-01
     3435., -0.82623877E-02,  0.56332006E-02,  0.33257738E-01,  0.26460884E+00,  0.86434344E+00,  0.19174035E-01
     3436., -0.95557281E-02,  0.29475517E-02,  0.33257738E-01,  0.26343962E+00,  0.86514683E+00,  0.23297393E-03
     3437., -0.95557281E-02, -0.29475517E-02,  0.38160345E-01,  0.24916224E+00,  0.82564122E+00, -0.40768125E-01
     3438., -0.82623877E-02, -0.56332006E-02,  0.38160345E-01,  0.24866270E+00,  0.82438187E+00, -0.56719992E-01
     3439., -0.62348980E-02, -0.78183148E-02,  0.38160345E-01,  0.24895937E+00,  0.82305995E+00, -0.67632041E-01
     3440., -0.36534102E-02, -0.93087375E-02,  0.38160345E-01,  0.24994915E+00,  0.82213486E+00, -0.72534691E-01
     3441., -0.74730094E-03, -0.99720380E-02,  0.38160345E-01,  0.25128808E+00,  0.82192808E+00, -0.70992314E-01
     3442.,  0.22252093E-02, -0.97492791E-02,  0.38160345E-01,  0.25251084E+00,  0.82251147E+00, -0.63141958E-01
     3443.,  0.50000000E-02, -0.86602540E-02,  0.38160345E-01,  0.25319249E+00,  0.82368228E+00, -0.49681158E-01
     3444.,  0.73305187E-02, -0.68017274E-02,  0.38160345E-01,  0.25309615E+00,  0.82503365E+00, -0.31805970E-01
     3445.,  0.90096887E-02, -0.43388374E-02,  0.38160345E-01,  0.25225529E+00,  0.82609592E+00, -0.11104689E-01
     3446.,  0.98883083E-02, -0.14904227E-02,  0.38160345E-01,  0.25096215E+00,  0.82649994E+00,  0.10583295E-01
     3447.,  0.98883083E-02,  0.14904227E-02,  0.38160345E-01,  0.24966611E+00,  0.82610530E+00,  0.31330915E-01
     3448.,  0.90096887E-02,  0.43388374E-02,  0.38160345E-01,  0.24881759E+00,  0.82504915E+00,  0.49294639E-01
     3449.,  0.73305187E-02,  0.68017274E-02,  0.38160345E-01,  0.24871145E+00,  0.82369852E+00,  0.62878314E-01
     3450.,  0.50000000E-02,  0.86602540E-02,  0.38160345E-01,  0.24938460E+00,  0.82252279E+00,  0.70874980E-01
     3451.,  0.22252093E-02,  0.97492791E-02,  0.38160345E-01,  0.25060309E+00,  0.82193055E+00,  0.72574093E-01
     3452., -0.74730094E-03,  0.99720380E-02,  0.38160345E-01,  0.25194348E+00,  0.82212763E+00,  0.67824680E-01
     3453., -0.36534102E-02,  0.93087375E-02,  0.38160345E-01,  0.25293995E+00,  0.82304552E+00,  0.57048745E-01
     3454., -0.62348980E-02,  0.78183148E-02,  0.38160345E-01,  0.25324620E+00,  0.82436525E+00,  0.41203772E-01
     3455., -0.82623877E-02,  0.56332006E-02,  0.38160345E-01,  0.25275581E+00,  0.82562819E+00,  0.21697672E-01
     3456., -0.95557281E-02,  0.29475517E-02,  0.38160345E-01,  0.25163918E+00,  0.82639543E+00,  0.26364113E-03
     3457., -0.95557281E-02, -0.29475517E-02,  0.43250125E-01,  0.23554258E+00,  0.78050825E+00, -0.45444882E-01
     3458., -0.82623877E-02, -0.56332006E-02,  0.43250125E-01,  0.23507062E+00,  0.77931843E+00, -0.63226685E-01
     3459., -0.62348980E-02, -0.78183148E-02,  0.43250125E-01,  0.23535091E+00,  0.77806950E+00, -0.75390522E-01
     3460., -0.36534102E-02, -0.93087375E-02,  0.43250125E-01,  0.23628604E+00,  0.77719549E+00, -0.80855584E-01
     3461., -0.74730094E-03, -0.99720380E-02,  0.43250125E-01,  0.23755104E+00,  0.77700013E+00, -0.79136273E-01
     3462.,  0.22252093E-02, -0.97492791E-02,  0.43250125E-01,  0.23870628E+00,  0.77755130E+00, -0.70385357E-01
     3463.,  0.50000000E-02, -0.86602540E-02,  0.43250125E-01,  0.23935030E+00,  0.77865747E+00, -0.55380388E-01
     3464.,  0.73305187E-02, -0.68017274E-02,  0.43250125E-01,  0.23925927E+00,  0.77993422E+00, -0.35454629E-01
     3465.,  0.90096887E-02, -0.43388374E-02,  0.43250125E-01,  0.23846485E+00,  0.78093784E+00, -0.12378579E-01
     3466.,  0.98883083E-02, -0.14904227E-02,  0.43250125E-01,  0.23724310E+00,  0.78131955E+00,  0.11797364E-01
     3467.,  0.98883083E-02,  0.14904227E-02,  0.43250125E-01,  0.23601863E+00,  0.78094670E+00,  0.34925071E-01
     3468.,  0.90096887E-02,  0.43388374E-02,  0.43250125E-01,  0.23521696E+00,  0.77994887E+00,  0.54949522E-01
     3469.,  0.73305187E-02,  0.68017274E-02,  0.43250125E-01,  0.23511668E+00,  0.77867281E+00,  0.70091466E-01
     3470.,  0.50000000E-02,  0.86602540E-02,  0.43250125E-01,  0.23575266E+00,  0.77756200E+00,  0.79005478E-01
     3471.,  0.22252093E-02,  0.97492791E-02,  0.43250125E-01,  0.23690387E+00,  0.77700247E+00,  0.80899509E-01
     3472., -0.74730094E-03,  0.99720380E-02,  0.43250125E-01,  0.23817025E+00,  0.77718866E+00,  0.75605263E-01
     3473., -0.36534102E-02,  0.93087375E-02,  0.43250125E-01,  0.23911171E+00,  0.77805587E+00,  0.63593155E-01
     3474., -0.62348980E-02,  0.78183148E-02,  0.43250125E-01,  0.23940104E+00,  0.77930273E+00,  0.45930510E-01
     3475., -0.82623877E-02,  0.56332006E-02,  0.43250125E-01,  0.23893772E+00,  0.78049593E+00,  0.24186747E-01
     3476., -0.95557281E-02,  0.29475517E-02,  0.43250125E-01,  0.23788276E+00,  0.78122081E+00,  0.29388748E-03
     3477., -0.95557281E-02, -0.29475517E-02,  0.48534222E-01,  0.21988573E+00,  0.72862230E+00, -0.50003213E-01
     3478., -0.82623877E-02, -0.56332006E-02,  0.48534222E-01,  0.21944563E+00,  0.72751279E+00, -0.69568615E-01
     3479., -0.62348980E-02, -0.78183148E-02,  0.48534222E-01,  0.21970700E+00,  0.72634815E+00, -0.82952544E-01
     3480., -0.36534102E-02, -0.93087375E-02,  0.48534222E-01,  0.22057902E+00,  0.72553313E+00, -0.88965779E-01
     3481., -0.74730094E-03, -0.99720380E-02,  0.48534222E-01,  0.22175863E+00,  0.72535096E+00, -0.87074013E-01
     3482.,  0.22252093E-02, -0.97492791E-02,  0.48534222E-01,  0.22283591E+00,  0.72586493E+00, -0.77445340E-01
     3483.,  0.50000000E-02, -0.86602540E-02,  0.48534222E-01,  0.22343645E+00,  0.72689644E+00, -0.60935304E-01
     3484.,  0.73305187E-02, -0.68017274E-02,  0.48534222E-01,  0.22335157E+00,  0.72808701E+00, -0.39010898E-01
     3485.,  0.90096887E-02, -0.43388374E-02,  0.48534222E-01,  0.22261077E+00,  0.72902289E+00, -0.13620212E-01
     3486.,  0.98883083E-02, -0.14904227E-02,  0.48534222E-01,  0.22147148E+00,  0.72937884E+00,  0.12980691E-01
     3487.,  0.98883083E-02,  0.14904227E-02,  0.48534222E-01,  0.22032966E+00,  0.72903116E+00,  0.38428215E-01
     3488.,  0.90096887E-02,  0.43388374E-02,  0.48534222E-01,  0.21958209E+00,  0.72810067E+00,  0.60461213E-01
     3489.,  0.73305187E-02,  0.68017274E-02,  0.48534222E-01,  0.21948859E+00,  0.72691074E+00,  0.77121964E-01
     3490.,  0.50000000E-02,  0.86602540E-02,  0.48534222E-01,  0.22008164E+00,  0.72587490E+00,  0.86930095E-01
     3491.,  0.22252093E-02,  0.97492791E-02,  0.48534222E-01,  0.22115515E+00,  0.72535314E+00,  0.89014106E-01
     3492., -0.74730094E-03,  0.99720380E-02,  0.48534222E-01,  0.22233606E+00,  0.72552676E+00,  0.83188824E-01
     3493., -0.36534102E-02,  0.93087375E-02,  0.48534222E-01,  0.22321397E+00,  0.72633544E+00,  0.69971847E-01
     3494., -0.62348980E-02,  0.78183148E-02,  0.48534222E-01,  0.22348378E+00,  0.72749815E+00,  0.50537557E-01
     3495., -0.82623877E-02,  0.56332006E-02,  0.48534222E-01,  0.22305173E+00,  0.72861082E+00,  0.26612794E-01
     3496., -0.95557281E-02,  0.29475517E-02,  0.48534222E-01,  0.22206797E+00,  0.72928677E+00,  0.32336789E-03
     3497., -0.95557281E-02, -0.29475517E-02,  0.54020058E-01,  0.20210603E+00,  0.66969936E+00, -0.54382005E-01
     3498., -0.82623877E-02, -0.56332006E-02,  0.54020058E-01,  0.20170224E+00,  0.66868138E+00, -0.75660755E-01
     3499., -0.62348980E-02, -0.78183148E-02,  0.54020058E-01,  0.20194205E+00,  0.66761283E+00, -0.90216717E-01
     3500., -0.36534102E-02, -0.93087375E-02,  0.54020058E-01,  0.20274212E+00,  0.66686504E+00, -0.96756535E-01
     3501., -0.74730094E-03, -0.99720380E-02,  0.54020058E-01,  0.20382442E+00,  0.66669789E+00, -0.94699109E-01
     3502.,  0.22252093E-02, -0.97492791E-02,  0.54020058E-01,  0.20481282E+00,  0.66716947E+00, -0.84227251E-01
     3503.,  0.50000000E-02, -0.86602540E-02,  0.54020058E-01,  0.20536382E+00,  0.66811588E+00, -0.66271427E-01
     3504.,  0.73305187E-02, -0.68017274E-02,  0.54020058E-01,  0.20528595E+00,  0.66920823E+00, -0.42427096E-01
     3505.,  0.90096887E-02, -0.43388374E-02,  0.54020058E-01,  0.20460625E+00,  0.67006690E+00, -0.14812941E-01
     3506.,  0.98883083E-02, -0.14904227E-02,  0.54020058E-01,  0.20356096E+00,  0.67039349E+00,  0.14117412E-01
     3507.,  0.98883083E-02,  0.14904227E-02,  0.54020058E-01,  0.20251333E+00,  0.67007449E+00,  0.41793383E-01
     3508.,  0.90096887E-02,  0.43388374E-02,  0.54020058E-01,  0.20182744E+00,  0.66922076E+00,  0.65755818E-01
     3509.,  0.73305187E-02,  0.68017274E-02,  0.54020058E-01,  0.20174165E+00,  0.66812900E+00,  0.83875557E-01
     3510.,  0.50000000E-02,  0.86602540E-02,  0.54020058E-01,  0.20228577E+00,  0.66717861E+00,  0.94542588E-01
     3511.,  0.22252093E-02,  0.97492791E-02,  0.54020058E-01,  0.20327073E+00,  0.66669989E+00,  0.96809099E-01
     3512., -0.74730094E-03,  0.99720380E-02,  0.54020058E-01,  0.20435422E+00,  0.66685919E+00,  0.90473695E-01
     3513., -0.36534102E-02,  0.93087375E-02,  0.54020058E-01,  0.20515970E+00,  0.66760116E+00,  0.76099305E-01
     3514., -0.62348980E-02,  0.78183148E-02,  0.54020058E-01,  0.20540725E+00,  0.66866795E+00,  0.54963148E-01
     3515., -0.82623877E-02,  0.56332006E-02,  0.54020058E-01,  0.20501085E+00,  0.66968883E+00,  0.28943285E-01
     3516., -0.95557281E-02,  0.29475517E-02,  0.54020058E-01,  0.20410824E+00,  0.67030902E+00,  0.35168878E-03
     3517., -0.95557281E-02, -0.29475517E-02,  0.59715332E-01,  0.18213910E+00,  0.60352603E+00, -0.58512208E-01
     3518., -0.82623877E-02, -0.56332006E-02,  0.59715332E-01,  0.18177620E+00,  0.60261115E+00, -0.81407040E-01
     3519., -0.62348980E-02, -0.78183148E-02,  0.59715332E-01,  0.18199172E+00,  0.60165081E+00, -0.97068502E-01
     3520., -0.36534102E-02, -0.93087375E-02,  0.59715332E-01,  0.18271076E+00,  0.60097876E+00, -0.10410501E+00
     3521., -0.74730094E-03, -0.99720380E-02,  0.59715332E-01,  0.18368345E+00,  0.60082854E+00, -0.10189132E+00
     3522.,  0.22252093E-02, -0.97492791E-02,  0.59715332E-01,  0.18457175E+00,  0.60125235E+00, -0.90624152E-01
     3523.,  0.50000000E-02, -0.86602540E-02,  0.59715332E-01,  0.18506695E+00,  0.60210291E+00, -0.71304619E-01
     3524.,  0.73305187E-02, -0.68017274E-02,  0.59715332E-01,  0.18499696E+00,  0.60308463E+00, -0.45649357E-01
     3525.,  0.90096887E-02, -0.43388374E-02,  0.59715332E-01,  0.18438611E+00,  0.60385634E+00, -0.15937960E-01
     3526.,  0.98883083E-02, -0.14904227E-02,  0.59715332E-01,  0.18344668E+00,  0.60414985E+00,  0.15189597E-01
     3527.,  0.98883083E-02,  0.14904227E-02,  0.59715332E-01,  0.18250515E+00,  0.60386316E+00,  0.44967506E-01
     3528.,  0.90096887E-02,  0.43388374E-02,  0.59715332E-01,  0.18188872E+00,  0.60309590E+00,  0.70749843E-01
     3529.,  0.73305187E-02,  0.68017274E-02,  0.59715332E-01,  0.18181162E+00,  0.60211471E+00,  0.90245743E-01
     3530.,  0.50000000E-02,  0.86602540E-02,  0.59715332E-01,  0.18230064E+00,  0.60126058E+00,  0.10172292E+00
     3531.,  0.22252093E-02,  0.97492791E-02,  0.59715332E-01,  0.18318584E+00,  0.60083034E+00,  0.10416157E+00
     3532., -0.74730094E-03,  0.99720380E-02,  0.59715332E-01,  0.18415960E+00,  0.60097351E+00,  0.97345002E-01
     3533., -0.36534102E-02,  0.93087375E-02,  0.59715332E-01,  0.18488350E+00,  0.60164033E+00,  0.81878906E-01
     3534., -0.62348980E-02,  0.78183148E-02,  0.59715332E-01,  0.18510598E+00,  0.60259907E+00,  0.59137500E-01
     3535., -0.82623877E-02,  0.56332006E-02,  0.59715332E-01,  0.18474973E+00,  0.60351656E+00,  0.31141480E-01
     3536., -0.95557281E-02,  0.29475517E-02,  0.59715332E-01,  0.18393853E+00,  0.60407394E+00,  0.37840606E-03
     3537., -0.95557281E-02, -0.29475517E-02,  0.65628041E-01,  0.15994846E+00,  0.52998139E+00, -0.62316653E-01
     3538., -0.82623877E-02, -0.56332006E-02,  0.65628041E-01,  0.15963112E+00,  0.52918137E+00, -0.86700106E-01
     3539., -0.62348980E-02, -0.78183148E-02,  0.65628041E-01,  0.15981958E+00,  0.52834160E+00, -0.10337988E+00
     3540., -0.36534102E-02, -0.93087375E-02,  0.65628041E-01,  0.16044835E+00,  0.52775392E+00, -0.11087390E+00
     3541., -0.74730094E-03, -0.99720380E-02,  0.65628041E-01,  0.16129891E+00,  0.52762256E+00, -0.10851628E+00
     3542.,  0.22252093E-02, -0.97492791E-02,  0.65628041E-01,  0.16207569E+00,  0.52799316E+00, -0.96516524E-01
     3543.,  0.50000000E-02, -0.86602540E-02,  0.65628041E-01,  0.16250871E+00,  0.52873694E+00, -0.75940840E-01
     3544.,  0.73305187E-02, -0.68017274E-02,  0.65628041E-01,  0.16244751E+00,  0.52959540E+00, -0.48617480E-01
     3545.,  0.90096887E-02, -0.43388374E-02,  0.65628041E-01,  0.16191336E+00,  0.53027023E+00, -0.16974254E-01
     3546.,  0.98883083E-02, -0.14904227E-02,  0.65628041E-01,  0.16109187E+00,  0.53052689E+00,  0.16177212E-01
     3547.,  0.98883083E-02,  0.14904227E-02,  0.65628041E-01,  0.16026856E+00,  0.53027619E+00,  0.47891276E-01
     3548.,  0.90096887E-02,  0.43388374E-02,  0.65628041E-01,  0.15972952E+00,  0.52960526E+00,  0.75349977E-01
     3549.,  0.73305187E-02,  0.68017274E-02,  0.65628041E-01,  0.15966210E+00,  0.52874726E+00,  0.96113499E-01
     3550.,  0.50000000E-02,  0.86602540E-02,  0.65628041E-01,  0.16008972E+00,  0.52800036E+00,  0.10833692E+00
     3551.,  0.22252093E-02,  0.97492791E-02,  0.65628041E-01,  0.16086379E+00,  0.52762414E+00,  0.11093413E+00
     3552., -0.74730094E-03,  0.99720380E-02,  0.65628041E-01,  0.16171529E+00,  0.52774933E+00,  0.10367436E+00
     3553., -0.36534102E-02,  0.93087375E-02,  0.65628041E-01,  0.16234831E+00,  0.52833243E+00,  0.87202666E-01
     3554., -0.62348980E-02,  0.78183148E-02,  0.65628041E-01,  0.16254286E+00,  0.52917081E+00,  0.62982620E-01
     3555., -0.82623877E-02,  0.56332006E-02,  0.65628041E-01,  0.16223133E+00,  0.52997310E+00,  0.33166305E-01
     3556., -0.95557281E-02,  0.29475517E-02,  0.65628041E-01,  0.16152198E+00,  0.53046051E+00,  0.40302221E-03
     3557., -0.95557281E-02, -0.29475517E-02,  0.71766487E-01,  0.13553310E+00,  0.44906195E+00, -0.65710092E-01
     3558., -0.82623877E-02, -0.56332006E-02,  0.71766487E-01,  0.13526600E+00,  0.44838858E+00, -0.91421347E-01
     3559., -0.62348980E-02, -0.78183148E-02,  0.71766487E-01,  0.13542462E+00,  0.44768176E+00, -0.10900942E+00
     3560., -0.36534102E-02, -0.93087375E-02,  0.71766487E-01,  0.13595385E+00,  0.44718712E+00, -0.11691153E+00
     3561., -0.74730094E-03, -0.99720380E-02,  0.71766487E-01,  0.13666976E+00,  0.44707655E+00, -0.11442553E+00
     3562.,  0.22252093E-02, -0.97492791E-02,  0.71766487E-01,  0.13732356E+00,  0.44738848E+00, -0.10177233E+00
     3563.,  0.50000000E-02, -0.86602540E-02,  0.71766487E-01,  0.13768803E+00,  0.44801450E+00, -0.80076202E-01
     3564.,  0.73305187E-02, -0.68017274E-02,  0.71766487E-01,  0.13763652E+00,  0.44873706E+00, -0.51264952E-01
     3565.,  0.90096887E-02, -0.43388374E-02,  0.71766487E-01,  0.13718693E+00,  0.44930505E+00, -0.17898597E-01
     3566.,  0.98883083E-02, -0.14904227E-02,  0.71766487E-01,  0.13649550E+00,  0.44952108E+00,  0.17058130E-01
     3567.,  0.98883083E-02,  0.14904227E-02,  0.71766487E-01,  0.13580252E+00,  0.44931007E+00,  0.50499182E-01
     3568.,  0.90096887E-02,  0.43388374E-02,  0.71766487E-01,  0.13534883E+00,  0.44874536E+00,  0.79453146E-01
     3569.,  0.73305187E-02,  0.68017274E-02,  0.71766487E-01,  0.13529208E+00,  0.44802319E+00,  0.10134735E+00
     3570.,  0.50000000E-02,  0.86602540E-02,  0.71766487E-01,  0.13565200E+00,  0.44739454E+00,  0.11423640E+00
     3571.,  0.22252093E-02,  0.97492791E-02,  0.71766487E-01,  0.13630352E+00,  0.44707788E+00,  0.11697505E+00
     3572., -0.74730094E-03,  0.99720380E-02,  0.71766487E-01,  0.13702022E+00,  0.44718325E+00,  0.10931995E+00
     3573., -0.36534102E-02,  0.93087375E-02,  0.71766487E-01,  0.13755303E+00,  0.44767404E+00,  0.91951288E-01
     3574., -0.62348980E-02,  0.78183148E-02,  0.71766487E-01,  0.13771678E+00,  0.44837969E+00,  0.66412344E-01
     3575., -0.82623877E-02,  0.56332006E-02,  0.71766487E-01,  0.13745456E+00,  0.44905498E+00,  0.34972385E-01
     3576., -0.95557281E-02,  0.29475517E-02,  0.71766487E-01,  0.13685751E+00,  0.44946522E+00,  0.42498062E-03
     3577., -0.95557281E-02, -0.29475517E-02,  0.78139288E-01,  0.10893590E+00,  0.36090967E+00, -0.68599545E-01
     3578., -0.82623877E-02, -0.56332006E-02,  0.78139288E-01,  0.10872363E+00,  0.36037455E+00, -0.95441401E-01
     3579., -0.62348980E-02, -0.78183148E-02,  0.78139288E-01,  0.10884969E+00,  0.35981283E+00, -0.11380287E+00
     3580., -0.36534102E-02, -0.93087375E-02,  0.78139288E-01,  0.10927026E+00,  0.35941974E+00, -0.12205246E+00
     3581., -0.74730094E-03, -0.99720380E-02,  0.78139288E-01,  0.10983920E+00,  0.35933187E+00, -0.11945716E+00
     3582.,  0.22252093E-02, -0.97492791E-02,  0.78139288E-01,  0.11035877E+00,  0.35957976E+00, -0.10624756E+00
     3583.,  0.50000000E-02, -0.86602540E-02,  0.78139288E-01,  0.11064842E+00,  0.36007726E+00, -0.83597394E-01
     3584.,  0.73305187E-02, -0.68017274E-02,  0.78139288E-01,  0.11060749E+00,  0.36065147E+00, -0.53519231E-01
     3585.,  0.90096887E-02, -0.43388374E-02,  0.78139288E-01,  0.11025020E+00,  0.36110285E+00, -0.18685661E-01
     3586.,  0.98883083E-02, -0.14904227E-02,  0.78139288E-01,  0.10970072E+00,  0.36127453E+00,  0.17808214E-01
     3587.,  0.98883083E-02,  0.14904227E-02,  0.78139288E-01,  0.10915001E+00,  0.36110684E+00,  0.52719766E-01
     3588.,  0.90096887E-02,  0.43388374E-02,  0.78139288E-01,  0.10878946E+00,  0.36065807E+00,  0.82946923E-01
     3589.,  0.73305187E-02,  0.68017274E-02,  0.78139288E-01,  0.10874436E+00,  0.36008416E+00,  0.10580388E+00
     3590.,  0.50000000E-02,  0.86602540E-02,  0.78139288E-01,  0.10903039E+00,  0.35958457E+00,  0.11925970E+00
     3591.,  0.22252093E-02,  0.97492791E-02,  0.78139288E-01,  0.10954816E+00,  0.35933292E+00,  0.12211878E+00
     3592., -0.74730094E-03,  0.99720380E-02,  0.78139288E-01,  0.11011772E+00,  0.35941666E+00,  0.11412706E+00
     3593., -0.36534102E-02,  0.93087375E-02,  0.78139288E-01,  0.11054114E+00,  0.35980669E+00,  0.95994659E-01
     3594., -0.62348980E-02,  0.78183148E-02,  0.78139288E-01,  0.11067127E+00,  0.36036748E+00,  0.69332696E-01
     3595., -0.82623877E-02,  0.56332006E-02,  0.78139288E-01,  0.11046289E+00,  0.36090413E+00,  0.36510233E-01
     3596., -0.95557281E-02,  0.29475517E-02,  0.78139288E-01,  0.10998841E+00,  0.36123015E+00,  0.44367894E-03
     3597., -0.95557281E-02, -0.29475517E-02,  0.84755390E-01,  0.80252935E-01,  0.26584290E+00, -0.70885032E-01
     3598., -0.82623877E-02, -0.56332006E-02,  0.84755390E-01,  0.80099904E-01,  0.26545712E+00, -0.98621169E-01
     3599., -0.62348980E-02, -0.78183148E-02,  0.84755390E-01,  0.80190778E-01,  0.26505217E+00, -0.11759438E+00
     3600., -0.36534102E-02, -0.93087375E-02,  0.84755390E-01,  0.80493976E-01,  0.26476878E+00, -0.12611883E+00
     3601., -0.74730094E-03, -0.99720380E-02,  0.84755390E-01,  0.80904130E-01,  0.26470543E+00, -0.12343706E+00
     3602.,  0.22252093E-02, -0.97492791E-02,  0.84755390E-01,  0.81278702E-01,  0.26488413E+00, -0.10978737E+00
     3603.,  0.50000000E-02, -0.86602540E-02,  0.84755390E-01,  0.81487516E-01,  0.26524278E+00, -0.86382583E-01
     3604.,  0.73305187E-02, -0.68017274E-02,  0.84755390E-01,  0.81458010E-01,  0.26565674E+00, -0.55302323E-01
     3605.,  0.90096887E-02, -0.43388374E-02,  0.84755390E-01,  0.81200437E-01,  0.26598215E+00, -0.19308221E-01
     3606.,  0.98883083E-02, -0.14904227E-02,  0.84755390E-01,  0.80804311E-01,  0.26610592E+00,  0.18401503E-01
     3607.,  0.98883083E-02,  0.14904227E-02,  0.84755390E-01,  0.80407299E-01,  0.26598503E+00,  0.54476190E-01
     3608.,  0.90096887E-02,  0.43388374E-02,  0.84755390E-01,  0.80147371E-01,  0.26566150E+00,  0.85710415E-01
     3609.,  0.73305187E-02,  0.68017274E-02,  0.84755390E-01,  0.80114859E-01,  0.26524776E+00,  0.10932889E+00
     3610.,  0.50000000E-02,  0.86602540E-02,  0.84755390E-01,  0.80321064E-01,  0.26488760E+00,  0.12323302E+00
     3611.,  0.22252093E-02,  0.97492791E-02,  0.84755390E-01,  0.80694327E-01,  0.26470618E+00,  0.12618735E+00
     3612., -0.74730094E-03,  0.99720380E-02,  0.84755390E-01,  0.81104932E-01,  0.26476656E+00,  0.11792939E+00
     3613., -0.36534102E-02,  0.93087375E-02,  0.84755390E-01,  0.81410183E-01,  0.26504774E+00,  0.99192880E-01
     3614., -0.62348980E-02,  0.78183148E-02,  0.84755390E-01,  0.81503997E-01,  0.26545202E+00,  0.71642636E-01
     3615., -0.82623877E-02,  0.56332006E-02,  0.84755390E-01,  0.81353771E-01,  0.26583890E+00,  0.37726643E-01
     3616., -0.95557281E-02,  0.29475517E-02,  0.84755390E-01,  0.81011712E-01,  0.26607393E+00,  0.45847787E-03
     3617., -0.95557281E-02, -0.29475517E-02,  0.91624083E-01,  0.49643565E-01,  0.16438968E+00, -0.72460818E-01
     3618., -0.82623877E-02, -0.56332006E-02,  0.91624083E-01,  0.49553856E-01,  0.16416354E+00, -0.10081355E+00
     3619., -0.62348980E-02, -0.78183148E-02,  0.91624083E-01,  0.49607122E-01,  0.16392616E+00, -0.12020855E+00
     3620., -0.36534102E-02, -0.93087375E-02,  0.91624083E-01,  0.49784853E-01,  0.16376003E+00, -0.12892251E+00
     3621., -0.74730094E-03, -0.99720380E-02,  0.91624083E-01,  0.50025281E-01,  0.16372289E+00, -0.12618113E+00
     3622.,  0.22252093E-02, -0.97492791E-02,  0.91624083E-01,  0.50244853E-01,  0.16382764E+00, -0.11222801E+00
     3623.,  0.50000000E-02, -0.86602540E-02,  0.91624083E-01,  0.50367261E-01,  0.16403788E+00, -0.88302924E-01
     3624.,  0.73305187E-02, -0.68017274E-02,  0.91624083E-01,  0.50349967E-01,  0.16428054E+00, -0.56531741E-01
     3625.,  0.90096887E-02, -0.43388374E-02,  0.91624083E-01,  0.50198982E-01,  0.16447129E+00, -0.19737477E-01
     3626.,  0.98883083E-02, -0.14904227E-02,  0.91624083E-01,  0.49966778E-01,  0.16454384E+00,  0.18810552E-01
     3627.,  0.98883083E-02,  0.14904227E-02,  0.91624083E-01,  0.49734054E-01,  0.16447297E+00,  0.55687197E-01
     3628.,  0.90096887E-02,  0.43388374E-02,  0.91624083E-01,  0.49581688E-01,  0.16428332E+00,  0.87615776E-01
     3629.,  0.73305187E-02,  0.68017274E-02,  0.91624083E-01,  0.49562631E-01,  0.16404080E+00,  0.11175931E+00
     3630.,  0.50000000E-02,  0.86602540E-02,  0.91624083E-01,  0.49683507E-01,  0.16382967E+00,  0.12597254E+00
     3631.,  0.22252093E-02,  0.97492791E-02,  0.91624083E-01,  0.49902313E-01,  0.16372333E+00,  0.12899256E+00
     3632., -0.74730094E-03,  0.99720380E-02,  0.91624083E-01,  0.50143008E-01,  0.16375872E+00,  0.12055102E+00
     3633., -0.36534102E-02,  0.93087375E-02,  0.91624083E-01,  0.50321945E-01,  0.16392355E+00,  0.10139800E+00
     3634., -0.62348980E-02,  0.78183148E-02,  0.91624083E-01,  0.50376938E-01,  0.16416054E+00,  0.73235304E-01
     3635., -0.82623877E-02,  0.56332006E-02,  0.91624083E-01,  0.50288876E-01,  0.16438733E+00,  0.38565348E-01
     3636., -0.95557281E-02,  0.29475517E-02,  0.91624083E-01,  0.50088361E-01,  0.16452511E+00,  0.46869482E-03
     3637., -0.95557281E-02, -0.29475517E-02,  0.98755010E-01,  0.17341002E-01,  0.57322878E-01, -0.73217223E-01
     3638., -0.82623877E-02, -0.56332006E-02,  0.98755010E-01,  0.17318221E-01,  0.57265463E-01, -0.10186593E+00
     3639., -0.62348980E-02, -0.78183148E-02,  0.98755010E-01,  0.17331739E-01,  0.57205192E-01, -0.12146341E+00
     3640., -0.36534102E-02, -0.93087375E-02,  0.98755010E-01,  0.17376858E-01,  0.57163010E-01, -0.13026834E+00
     3641., -0.74730094E-03, -0.99720380E-02,  0.98755010E-01,  0.17437896E-01,  0.57153574E-01, -0.12749835E+00
     3642.,  0.22252093E-02, -0.97492791E-02,  0.98755010E-01,  0.17493642E-01,  0.57180160E-01, -0.11339958E+00
     3643.,  0.50000000E-02, -0.86602540E-02,  0.98755010E-01,  0.17524722E-01,  0.57233528E-01, -0.89224747E-01
     3644.,  0.73305187E-02, -0.68017274E-02,  0.98755010E-01,  0.17520336E-01,  0.57295131E-01, -0.57121905E-01
     3645.,  0.90096887E-02, -0.43388374E-02,  0.98755010E-01,  0.17482008E-01,  0.57343556E-01, -0.19943543E-01
     3646.,  0.98883083E-02, -0.14904227E-02,  0.98755010E-01,  0.17423060E-01,  0.57361976E-01,  0.19006894E-01
     3647.,  0.98883083E-02,  0.14904227E-02,  0.98755010E-01,  0.17363980E-01,  0.57343986E-01,  0.56268501E-01
     3648.,  0.90096887E-02,  0.43388374E-02,  0.98755010E-01,  0.17325301E-01,  0.57295841E-01,  0.88530391E-01
     3649.,  0.73305187E-02,  0.68017274E-02,  0.98755010E-01,  0.17320465E-01,  0.57234271E-01,  0.11292596E+00
     3650.,  0.50000000E-02,  0.86602540E-02,  0.98755010E-01,  0.17351154E-01,  0.57180675E-01,  0.12728757E+00
     3651.,  0.22252093E-02,  0.97492791E-02,  0.98755010E-01,  0.17406706E-01,  0.57153679E-01,  0.13033913E+00
     3652., -0.74730094E-03,  0.99720380E-02,  0.98755010E-01,  0.17467814E-01,  0.57162669E-01,  0.12180948E+00
     3653., -0.36534102E-02,  0.93087375E-02,  0.98755010E-01,  0.17513243E-01,  0.57204520E-01,  0.10245652E+00
     3654., -0.62348980E-02,  0.78183148E-02,  0.98755010E-01,  0.17527204E-01,  0.57264691E-01,  0.73999839E-01
     3655., -0.82623877E-02,  0.56332006E-02,  0.98755010E-01,  0.17504845E-01,  0.57322273E-01,  0.38967962E-01
     3656., -0.95557281E-02,  0.29475517E-02,  0.98755010E-01,  0.17453936E-01,  0.57357256E-01,  0.47361434E-03
     3657., -0.95557281E-02, -0.29475517E-02,  0.10615818E+00, -0.16336906E-01, -0.54304111E-01, -0.73043133E-01
     3658., -0.82623877E-02, -0.56332006E-02,  0.10615818E+00, -0.16289809E-01, -0.54185358E-01, -0.10162374E+00
     3659., -0.62348980E-02, -0.78183148E-02,  0.10615818E+00, -0.16317791E-01, -0.54060707E-01, -0.12117463E+00
     3660., -0.36534102E-02, -0.93087375E-02,  0.10615818E+00, -0.16411132E-01, -0.53973479E-01, -0.12995864E+00
     3661., -0.74730094E-03, -0.99720380E-02,  0.10615818E+00, -0.16537395E-01, -0.53953991E-01, -0.12719525E+00
     3662.,  0.22252093E-02, -0.97492791E-02,  0.10615818E+00, -0.16652698E-01, -0.54009015E-01, -0.11313000E+00
     3663.,  0.50000000E-02, -0.86602540E-02,  0.10615818E+00, -0.16716973E-01, -0.54119431E-01, -0.89012646E-01
     3664.,  0.73305187E-02, -0.68017274E-02,  0.10615818E+00, -0.16707880E-01, -0.54246870E-01, -0.56986130E-01
     3665.,  0.90096887E-02, -0.43388374E-02,  0.10615818E+00, -0.16628581E-01, -0.54347045E-01, -0.19896158E-01
     3666.,  0.98883083E-02, -0.14904227E-02,  0.10615818E+00, -0.16506631E-01, -0.54385145E-01,  0.18961678E-01
     3667.,  0.98883083E-02,  0.14904227E-02,  0.10615818E+00, -0.16384410E-01, -0.54347929E-01,  0.56134703E-01
     3668.,  0.90096887E-02,  0.43388374E-02,  0.10615818E+00, -0.16304389E-01, -0.54248330E-01,  0.88319898E-01
     3669.,  0.73305187E-02,  0.68017274E-02,  0.10615818E+00, -0.16294378E-01, -0.54120960E-01,  0.11265748E+00
     3670.,  0.50000000E-02,  0.86602540E-02,  0.10615818E+00, -0.16357852E-01, -0.54010084E-01,  0.12698495E+00
     3671.,  0.22252093E-02,  0.97492791E-02,  0.10615818E+00, -0.16472754E-01, -0.53954231E-01,  0.13002926E+00
     3672., -0.74730094E-03,  0.99720380E-02,  0.10615818E+00, -0.16599152E-01, -0.53972809E-01,  0.12151990E+00
     3673., -0.36534102E-02,  0.93087375E-02,  0.10615818E+00, -0.16693120E-01, -0.54059361E-01,  0.10221296E+00
     3674., -0.62348980E-02,  0.78183148E-02,  0.10615818E+00, -0.16722000E-01, -0.54183803E-01,  0.73823934E-01
     3675., -0.82623877E-02,  0.56332006E-02,  0.10615818E+00, -0.16675759E-01, -0.54302892E-01,  0.38875346E-01
     3676., -0.95557281E-02,  0.29475517E-02,  0.10615818E+00, -0.16570466E-01, -0.54375237E-01,  0.47251634E-03
     3677., -0.95557281E-02, -0.29475517E-02,  0.11384399E+00, -0.50977211E-01, -0.16912265E+00, -0.71829316E-01
     3678., -0.82623877E-02, -0.56332006E-02,  0.11384399E+00, -0.50858137E-01, -0.16882244E+00, -0.99934996E-01
     3679., -0.62348980E-02, -0.78183148E-02,  0.11384399E+00, -0.50928868E-01, -0.16850732E+00, -0.11916101E+00
     3680., -0.36534102E-02, -0.93087375E-02,  0.11384399E+00, -0.51164826E-01, -0.16828679E+00, -0.12779906E+00
     3681., -0.74730094E-03, -0.99720380E-02,  0.11384399E+00, -0.51484012E-01, -0.16823751E+00, -0.12508160E+00
     3682.,  0.22252093E-02, -0.97492791E-02,  0.11384399E+00, -0.51775501E-01, -0.16837660E+00, -0.11125009E+00
     3683.,  0.50000000E-02, -0.86602540E-02,  0.11384399E+00, -0.51937993E-01, -0.16865572E+00, -0.87533513E-01
     3684.,  0.73305187E-02, -0.68017274E-02,  0.11384399E+00, -0.51915017E-01, -0.16897787E+00, -0.56039201E-01
     3685.,  0.90096887E-02, -0.43388374E-02,  0.11384399E+00, -0.51714559E-01, -0.16923111E+00, -0.19565572E-01
     3686.,  0.98883083E-02, -0.14904227E-02,  0.11384399E+00, -0.51406280E-01, -0.16932742E+00,  0.18646548E-01
     3687.,  0.98883083E-02,  0.14904227E-02,  0.11384399E+00, -0.51097313E-01, -0.16923334E+00,  0.55201857E-01
     3688.,  0.90096887E-02,  0.43388374E-02,  0.11384399E+00, -0.50895030E-01, -0.16898156E+00,  0.86852225E-01
     3689.,  0.73305187E-02,  0.68017274E-02,  0.11384399E+00, -0.50869725E-01, -0.16865958E+00,  0.11078539E+00
     3690.,  0.50000000E-02,  0.86602540E-02,  0.11384399E+00, -0.51030192E-01, -0.16837930E+00,  0.12487479E+00
     3691.,  0.22252093E-02,  0.97492791E-02,  0.11384399E+00, -0.51320665E-01, -0.16823811E+00,  0.12786852E+00
     3692., -0.74730094E-03,  0.99720380E-02,  0.11384399E+00, -0.51640197E-01, -0.16828509E+00,  0.11950057E+00
     3693., -0.36534102E-02,  0.93087375E-02,  0.11384399E+00, -0.51877743E-01, -0.16850389E+00,  0.10051446E+00
     3694., -0.62348980E-02,  0.78183148E-02,  0.11384399E+00, -0.51950750E-01, -0.16881849E+00,  0.72597201E-01
     3695., -0.82623877E-02,  0.56332006E-02,  0.11384399E+00, -0.51833848E-01, -0.16911956E+00,  0.38229372E-01
     3696., -0.95557281E-02,  0.29475517E-02,  0.11384399E+00, -0.51567666E-01, -0.16930245E+00,  0.46470017E-03
     3697., -0.95557281E-02, -0.29475517E-02,  0.12182324E+00, -0.86062384E-01, -0.28541739E+00, -0.69472689E-01
     3698., -0.82623877E-02, -0.56332006E-02,  0.12182324E+00, -0.85870312E-01, -0.28493314E+00, -0.96656280E-01
     3699., -0.62348980E-02, -0.78183148E-02,  0.12182324E+00, -0.85984400E-01, -0.28442484E+00, -0.11525154E+00
     3700., -0.36534102E-02, -0.93087375E-02,  0.12182324E+00, -0.86365004E-01, -0.28406913E+00, -0.12360620E+00
     3701., -0.74730094E-03, -0.99720380E-02,  0.12182324E+00, -0.86879856E-01, -0.28398963E+00, -0.12097791E+00
     3702.,  0.22252093E-02, -0.97492791E-02,  0.12182324E+00, -0.87350034E-01, -0.28421397E+00, -0.10760020E+00
     3703.,  0.50000000E-02, -0.86602540E-02,  0.12182324E+00, -0.87612139E-01, -0.28466419E+00, -0.84661727E-01
     3704.,  0.73305187E-02, -0.68017274E-02,  0.12182324E+00, -0.87575082E-01, -0.28518382E+00, -0.54200695E-01
     3705.,  0.90096887E-02, -0.43388374E-02,  0.12182324E+00, -0.87251743E-01, -0.28559230E+00, -0.18923704E-01
     3706.,  0.98883083E-02, -0.14904227E-02,  0.12182324E+00, -0.86754487E-01, -0.28574765E+00,  0.18034745E-01
     3707.,  0.98883083E-02,  0.14904227E-02,  0.12182324E+00, -0.86256121E-01, -0.28559590E+00,  0.53390743E-01
     3708.,  0.90096887E-02,  0.43388374E-02,  0.12182324E+00, -0.85929836E-01, -0.28518978E+00,  0.84002726E-01
     3709.,  0.73305187E-02,  0.68017274E-02,  0.12182324E+00, -0.85889020E-01, -0.28467042E+00,  0.10715069E+00
     3710.,  0.50000000E-02,  0.86602540E-02,  0.12182324E+00, -0.86147857E-01, -0.28421832E+00,  0.12077786E+00
     3711.,  0.22252093E-02,  0.97492791E-02,  0.12182324E+00, -0.86616396E-01, -0.28399059E+00,  0.12367338E+00
     3712., -0.74730094E-03,  0.99720380E-02,  0.12182324E+00, -0.87131809E-01, -0.28406636E+00,  0.11557998E+00
     3713., -0.36534102E-02,  0.93087375E-02,  0.12182324E+00, -0.87514975E-01, -0.28441931E+00,  0.97216793E-01
     3714., -0.62348980E-02,  0.78183148E-02,  0.12182324E+00, -0.87632736E-01, -0.28492677E+00,  0.70215453E-01
     3715., -0.82623877E-02,  0.56332006E-02,  0.12182324E+00, -0.87444170E-01, -0.28541239E+00,  0.36975178E-01
     3716., -0.95557281E-02,  0.29475517E-02,  0.12182324E+00, -0.87014808E-01, -0.28570741E+00,  0.44949861E-03
     3717., -0.95557281E-02, -0.29475517E-02,  0.13010711E+00, -0.12096264E+00, -0.40110083E+00, -0.65881589E-01
     3718., -0.82623877E-02, -0.56332006E-02,  0.13010711E+00, -0.12069786E+00, -0.40043327E+00, -0.91660068E-01
     3719., -0.62348980E-02, -0.78183148E-02,  0.13010711E+00, -0.12085513E+00, -0.39973254E+00, -0.10929415E+00
     3720., -0.36534102E-02, -0.93087375E-02,  0.13010711E+00, -0.12137981E+00, -0.39924217E+00, -0.11721697E+00
     3721., -0.74730094E-03, -0.99720380E-02,  0.13010711E+00, -0.12208956E+00, -0.39913258E+00, -0.11472455E+00
     3722.,  0.22252093E-02, -0.97492791E-02,  0.13010711E+00, -0.12273772E+00, -0.39944184E+00, -0.10203835E+00
     3723.,  0.50000000E-02, -0.86602540E-02,  0.13010711E+00, -0.12309905E+00, -0.40006249E+00, -0.80285590E-01
     3724.,  0.73305187E-02, -0.68017274E-02,  0.13010711E+00, -0.12304797E+00, -0.40077883E+00, -0.51399102E-01
     3725.,  0.90096887E-02, -0.43388374E-02,  0.13010711E+00, -0.12260223E+00, -0.40134193E+00, -0.17945589E-01
     3726.,  0.98883083E-02, -0.14904227E-02,  0.13010711E+00, -0.12191674E+00, -0.40155610E+00,  0.17102472E-01
     3727.,  0.98883083E-02,  0.14904227E-02,  0.13010711E+00, -0.12122972E+00, -0.40134690E+00,  0.50630919E-01
     3728.,  0.90096887E-02,  0.43388374E-02,  0.13010711E+00, -0.12077992E+00, -0.40078704E+00,  0.79660573E-01
     3729.,  0.73305187E-02,  0.68017274E-02,  0.13010711E+00, -0.12072366E+00, -0.40007108E+00,  0.10161203E+00
     3730.,  0.50000000E-02,  0.86602540E-02,  0.13010711E+00, -0.12108048E+00, -0.39944784E+00,  0.11453482E+00
     3731.,  0.22252093E-02,  0.97492791E-02,  0.13010711E+00, -0.12172638E+00, -0.39913390E+00,  0.11728069E+00
     3732., -0.74730094E-03,  0.99720380E-02,  0.13010711E+00, -0.12243691E+00, -0.39923836E+00,  0.10960566E+00
     3733., -0.36534102E-02,  0.93087375E-02,  0.13010711E+00, -0.12296512E+00, -0.39972492E+00,  0.92191677E-01
     3734., -0.62348980E-02,  0.78183148E-02,  0.13010711E+00, -0.12312746E+00, -0.40042448E+00,  0.66586054E-01
     3735., -0.82623877E-02,  0.56332006E-02,  0.13010711E+00, -0.12286751E+00, -0.40109394E+00,  0.35063979E-01
     3736., -0.95557281E-02,  0.29475517E-02,  0.13010711E+00, -0.12227561E+00, -0.40150063E+00,  0.42632110E-03
     3737., -0.95557281E-02, -0.29475517E-02,  0.13870725E+00, -0.15493122E+00, -0.51369767E+00, -0.60982159E-01
     3738., -0.82623877E-02, -0.56332006E-02,  0.13870725E+00, -0.15459557E+00, -0.51285145E+00, -0.84843600E-01
     3739., -0.62348980E-02, -0.78183148E-02,  0.13870725E+00, -0.15479493E+00, -0.51196318E+00, -0.10116632E+00
     3740., -0.36534102E-02, -0.93087375E-02,  0.13870725E+00, -0.15546003E+00, -0.51134158E+00, -0.10849997E+00
     3741., -0.74730094E-03, -0.99720380E-02,  0.13870725E+00, -0.15635973E+00, -0.51120265E+00, -0.10619292E+00
     3742.,  0.22252093E-02, -0.97492791E-02,  0.13870725E+00, -0.15718137E+00, -0.51159468E+00, -0.94450166E-01
     3743.,  0.50000000E-02, -0.86602540E-02,  0.13870725E+00, -0.15763939E+00, -0.51238142E+00, -0.74315094E-01
     3744.,  0.73305187E-02, -0.68017274E-02,  0.13870725E+00, -0.15757464E+00, -0.51328948E+00, -0.47576801E-01
     3745.,  0.90096887E-02, -0.43388374E-02,  0.13870725E+00, -0.15700961E+00, -0.51400329E+00, -0.16611111E-01
     3746.,  0.98883083E-02, -0.14904227E-02,  0.13870725E+00, -0.15614067E+00, -0.51427477E+00,  0.15830553E-01
     3747.,  0.98883083E-02,  0.14904227E-02,  0.13870725E+00, -0.15526978E+00, -0.51400959E+00,  0.46865617E-01
     3748.,  0.90096887E-02,  0.43388374E-02,  0.13870725E+00, -0.15469960E+00, -0.51329989E+00,  0.73736453E-01
     3749.,  0.73305187E-02,  0.68017274E-02,  0.13870725E+00, -0.15462828E+00, -0.51239232E+00,  0.94055477E-01
     3750.,  0.50000000E-02,  0.86602540E-02,  0.13870725E+00, -0.15508060E+00, -0.51160228E+00,  0.10601727E+00
     3751.,  0.22252093E-02,  0.97492791E-02,  0.13870725E+00, -0.15589937E+00, -0.51120432E+00,  0.10855896E+00
     3752., -0.74730094E-03,  0.99720380E-02,  0.13870725E+00, -0.15680006E+00, -0.51133674E+00,  0.10145471E+00
     3753., -0.36534102E-02,  0.93087375E-02,  0.13870725E+00, -0.15746964E+00, -0.51195351E+00,  0.85335759E-01
     3754., -0.62348980E-02,  0.78183148E-02,  0.13870725E+00, -0.15767542E+00, -0.51284030E+00,  0.61634346E-01
     3755., -0.82623877E-02,  0.56332006E-02,  0.13870725E+00, -0.15734590E+00, -0.51368893E+00,  0.32456464E-01
     3756., -0.95557281E-02,  0.29475517E-02,  0.13870725E+00, -0.15659559E+00, -0.51420447E+00,  0.39468491E-03
     3757., -0.95557281E-02, -0.29475517E-02,  0.14763573E+00, -0.18710396E+00, -0.62034339E+00, -0.54725806E-01
     3758., -0.82623877E-02, -0.56332006E-02,  0.14763573E+00, -0.18670109E+00, -0.61932772E+00, -0.76139270E-01
     3759., -0.62348980E-02, -0.78183148E-02,  0.14763573E+00, -0.18694037E+00, -0.61826158E+00, -0.90787427E-01
     3760., -0.36534102E-02, -0.93087375E-02,  0.14763573E+00, -0.18773865E+00, -0.61751550E+00, -0.97368728E-01
     3761., -0.74730094E-03, -0.99720380E-02,  0.14763573E+00, -0.18881851E+00, -0.61734875E+00, -0.95298390E-01
     3762.,  0.22252093E-02, -0.97492791E-02,  0.14763573E+00, -0.18980468E+00, -0.61781927E+00, -0.84760371E-01
     3763.,  0.50000000E-02, -0.86602540E-02,  0.14763573E+00, -0.19035443E+00, -0.61876356E+00, -0.66691017E-01
     3764.,  0.73305187E-02, -0.68017274E-02,  0.14763573E+00, -0.19027671E+00, -0.61985346E+00, -0.42695874E-01
     3765.,  0.90096887E-02, -0.43388374E-02,  0.14763573E+00, -0.18959854E+00, -0.62071020E+00, -0.14907025E-01
     3766.,  0.98883083E-02, -0.14904227E-02,  0.14763573E+00, -0.18855559E+00, -0.62103605E+00,  0.14206383E-01
     3767.,  0.98883083E-02,  0.14904227E-02,  0.14763573E+00, -0.18751032E+00, -0.62071776E+00,  0.42057504E-01
     3768.,  0.90096887E-02,  0.43388374E-02,  0.14763573E+00, -0.18682597E+00, -0.61986596E+00,  0.66171620E-01
     3769.,  0.73305187E-02,  0.68017274E-02,  0.14763573E+00, -0.18674036E+00, -0.61877665E+00,  0.84406093E-01
     3770.,  0.50000000E-02,  0.86602540E-02,  0.14763573E+00, -0.18728326E+00, -0.61782840E+00,  0.95140719E-01
     3771.,  0.22252093E-02,  0.97492791E-02,  0.14763573E+00, -0.18826598E+00, -0.61735075E+00,  0.97421677E-01
     3772., -0.74730094E-03,  0.99720380E-02,  0.14763573E+00, -0.18934702E+00, -0.61750969E+00,  0.91046290E-01
     3773., -0.36534102E-02,  0.93087375E-02,  0.14763573E+00, -0.19015069E+00, -0.61824997E+00,  0.76581039E-01
     3774., -0.62348980E-02,  0.78183148E-02,  0.14763573E+00, -0.19039768E+00, -0.61931434E+00,  0.55311220E-01
     3775., -0.82623877E-02,  0.56332006E-02,  0.14763573E+00, -0.19000217E+00, -0.62033290E+00,  0.29126767E-01
     3776., -0.95557281E-02,  0.29475517E-02,  0.14763573E+00, -0.18910161E+00, -0.62095168E+00,  0.35427559E-03
     3777., -0.95557281E-02, -0.29475517E-02,  0.15690508E+00, -0.21650473E+00, -0.71780237E+00, -0.47097740E-01
     3778., -0.82623877E-02, -0.56332006E-02,  0.15690508E+00, -0.21604034E+00, -0.71663160E+00, -0.65526498E-01
     3779., -0.62348980E-02, -0.78183148E-02,  0.15690508E+00, -0.21631616E+00, -0.71540266E+00, -0.78132940E-01
     3780., -0.36534102E-02, -0.93087375E-02,  0.15690508E+00, -0.21723634E+00, -0.71454265E+00, -0.83796932E-01
     3781., -0.74730094E-03, -0.99720380E-02,  0.15690508E+00, -0.21848110E+00, -0.71435044E+00, -0.82015198E-01
     3782.,  0.22252093E-02, -0.97492791E-02,  0.15690508E+00, -0.21961785E+00, -0.71489281E+00, -0.72946054E-01
     3783.,  0.50000000E-02, -0.86602540E-02,  0.15690508E+00, -0.22025155E+00, -0.71598129E+00, -0.57395328E-01
     3784.,  0.73305187E-02, -0.68017274E-02,  0.15690508E+00, -0.22016196E+00, -0.71723762E+00, -0.36744776E-01
     3785.,  0.90096887E-02, -0.43388374E-02,  0.15690508E+00, -0.21938024E+00, -0.71822519E+00, -0.12829298E-01
     3786.,  0.98883083E-02, -0.14904227E-02,  0.15690508E+00, -0.21817803E+00, -0.71860079E+00,  0.12226123E-01
     3787.,  0.98883083E-02,  0.14904227E-02,  0.15690508E+00, -0.21697314E+00, -0.71823391E+00,  0.36195211E-01
     3788.,  0.90096887E-02,  0.43388374E-02,  0.15690508E+00, -0.21618429E+00, -0.71725203E+00,  0.56948185E-01
     3789.,  0.73305187E-02,  0.68017274E-02,  0.15690508E+00, -0.21608562E+00, -0.71599639E+00,  0.72641060E-01
     3790.,  0.50000000E-02,  0.86602540E-02,  0.15690508E+00, -0.21671141E+00, -0.71490334E+00,  0.81879462E-01
     3791.,  0.22252093E-02,  0.97492791E-02,  0.15690508E+00, -0.21784420E+00, -0.71435275E+00,  0.83842517E-01
     3792., -0.74730094E-03,  0.99720380E-02,  0.15690508E+00, -0.21909032E+00, -0.71453596E+00,  0.78355796E-01
     3793., -0.36534102E-02,  0.93087375E-02,  0.15690508E+00, -0.22001670E+00, -0.71538928E+00,  0.65906817E-01
     3794., -0.62348980E-02,  0.78183148E-02,  0.15690508E+00, -0.22030141E+00, -0.71661618E+00,  0.47601722E-01
     3795., -0.82623877E-02,  0.56332006E-02,  0.15690508E+00, -0.21984551E+00, -0.71779028E+00,  0.25067015E-01
     3796., -0.95557281E-02,  0.29475517E-02,  0.15690508E+00, -0.21880744E+00, -0.71850355E+00,  0.30499577E-03
     3797., -0.95557281E-02, -0.29475517E-02,  0.16652831E+00, -0.24205872E+00, -0.80251170E+00, -0.38126404E-01
     3798., -0.82623877E-02, -0.56332006E-02,  0.16652831E+00, -0.24154077E+00, -0.80120588E+00, -0.53044856E-01
     3799., -0.62348980E-02, -0.78183148E-02,  0.16652831E+00, -0.24184840E+00, -0.79983519E+00, -0.63250042E-01
     3800., -0.36534102E-02, -0.93087375E-02,  0.16652831E+00, -0.24287472E+00, -0.79887597E+00, -0.67835187E-01
     3801., -0.74730094E-03, -0.99720380E-02,  0.16652831E+00, -0.24426306E+00, -0.79866158E+00, -0.66392879E-01
     3802.,  0.22252093E-02, -0.97492791E-02,  0.16652831E+00, -0.24553094E+00, -0.79926652E+00, -0.59051271E-01
     3803.,  0.50000000E-02, -0.86602540E-02,  0.16652831E+00, -0.24623773E+00, -0.80048056E+00, -0.46462695E-01
     3804.,  0.73305187E-02, -0.68017274E-02,  0.16652831E+00, -0.24613782E+00, -0.80188180E+00, -0.29745706E-01
     3805.,  0.90096887E-02, -0.43388374E-02,  0.16652831E+00, -0.24526592E+00, -0.80298328E+00, -0.10385687E-01
     3806.,  0.98883083E-02, -0.14904227E-02,  0.16652831E+00, -0.24392504E+00, -0.80340221E+00,  0.98971504E-02
     3807.,  0.98883083E-02,  0.14904227E-02,  0.16652831E+00, -0.24258116E+00, -0.80299301E+00,  0.29300591E-01
     3808.,  0.90096887E-02,  0.43388374E-02,  0.16652831E+00, -0.24170132E+00, -0.80189787E+00,  0.46100537E-01
     3809.,  0.73305187E-02,  0.68017274E-02,  0.16652831E+00, -0.24159126E+00, -0.80049739E+00,  0.58804245E-01
     3810.,  0.50000000E-02,  0.86602540E-02,  0.16652831E+00, -0.24228924E+00, -0.79927826E+00,  0.66282942E-01
     3811.,  0.22252093E-02,  0.97492791E-02,  0.16652831E+00, -0.24355270E+00, -0.79866416E+00,  0.67872110E-01
     3812., -0.74730094E-03,  0.99720380E-02,  0.16652831E+00, -0.24494256E+00, -0.79886850E+00,  0.63430542E-01
     3813., -0.36534102E-02,  0.93087375E-02,  0.16652831E+00, -0.24597581E+00, -0.79982025E+00,  0.53352892E-01
     3814., -0.62348980E-02,  0.78183148E-02,  0.16652831E+00, -0.24629336E+00, -0.80118868E+00,  0.38534597E-01
     3815., -0.82623877E-02,  0.56332006E-02,  0.16652831E+00, -0.24578487E+00, -0.80249821E+00,  0.20292342E-01
     3816., -0.95557281E-02,  0.29475517E-02,  0.16652831E+00, -0.24462705E+00, -0.80329376E+00,  0.24702620E-03
     3817., -0.95557281E-02, -0.29475517E-02,  0.17651895E+00, -0.26261536E+00, -0.87065736E+00, -0.27893474E-01
     3818., -0.82623877E-02, -0.56332006E-02,  0.17651895E+00, -0.26205420E+00, -0.86924262E+00, -0.38807983E-01
     3819., -0.62348980E-02, -0.78183148E-02,  0.17651895E+00, -0.26238750E+00, -0.86775760E+00, -0.46274233E-01
     3820., -0.36534102E-02, -0.93087375E-02,  0.17651895E+00, -0.26349942E+00, -0.86671838E+00, -0.49628818E-01
     3821., -0.74730094E-03, -0.99720380E-02,  0.17651895E+00, -0.26500356E+00, -0.86648611E+00, -0.48573664E-01
     3822.,  0.22252093E-02, -0.97492791E-02,  0.17651895E+00, -0.26637718E+00, -0.86714150E+00, -0.43202526E-01
     3823.,  0.50000000E-02, -0.86602540E-02,  0.17651895E+00, -0.26714293E+00, -0.86845679E+00, -0.33992652E-01
     3824.,  0.73305187E-02, -0.68017274E-02,  0.17651895E+00, -0.26703468E+00, -0.86997491E+00, -0.21762383E-01
     3825.,  0.90096887E-02, -0.43388374E-02,  0.17651895E+00, -0.26609006E+00, -0.87116826E+00, -0.75984352E-02
     3826.,  0.98883083E-02, -0.14904227E-02,  0.17651895E+00, -0.26463734E+00, -0.87162213E+00,  0.72406684E-02
     3827.,  0.98883083E-02,  0.14904227E-02,  0.17651895E+00, -0.26318138E+00, -0.87117880E+00,  0.21436413E-01
     3828.,  0.90096887E-02,  0.43388374E-02,  0.17651895E+00, -0.26222815E+00, -0.86999232E+00,  0.33727433E-01
     3829.,  0.73305187E-02,  0.68017274E-02,  0.17651895E+00, -0.26210891E+00, -0.86847502E+00,  0.43021620E-01
     3830.,  0.50000000E-02,  0.86602540E-02,  0.17651895E+00, -0.26286511E+00, -0.86715421E+00,  0.48493150E-01
     3831.,  0.22252093E-02,  0.97492791E-02,  0.17651895E+00, -0.26423395E+00, -0.86648890E+00,  0.49655851E-01
     3832., -0.74730094E-03,  0.99720380E-02,  0.17651895E+00, -0.26573974E+00, -0.86671028E+00,  0.46406412E-01
     3833., -0.36534102E-02,  0.93087375E-02,  0.17651895E+00, -0.26685916E+00, -0.86774142E+00,  0.39033558E-01
     3834., -0.62348980E-02,  0.78183148E-02,  0.17651895E+00, -0.26720320E+00, -0.86922398E+00,  0.28192398E-01
     3835., -0.82623877E-02,  0.56332006E-02,  0.17651895E+00, -0.26665230E+00, -0.87064274E+00,  0.14846224E-01
     3836., -0.95557281E-02,  0.29475517E-02,  0.17651895E+00, -0.26539790E+00, -0.87150464E+00,  0.18090040E-03
     3837., -0.95557281E-02, -0.29475517E-02,  0.18689100E+00, -0.27698324E+00, -0.91828977E+00, -0.16544004E-01
     3838., -0.82623877E-02, -0.56332006E-02,  0.18689100E+00, -0.27639175E+00, -0.91679859E+00, -0.23017684E-01
     3839., -0.62348980E-02, -0.78183148E-02,  0.18689100E+00, -0.27674306E+00, -0.91523332E+00, -0.27446143E-01
     3840., -0.36534102E-02, -0.93087375E-02,  0.18689100E+00, -0.27791506E+00, -0.91413794E+00, -0.29435893E-01
     3841., -0.74730094E-03, -0.99720380E-02,  0.18689100E+00, -0.27950048E+00, -0.91389311E+00, -0.28810136E-01
     3842.,  0.22252093E-02, -0.97492791E-02,  0.18689100E+00, -0.28094834E+00, -0.91458392E+00, -0.25624471E-01
     3843.,  0.50000000E-02, -0.86602540E-02,  0.18689100E+00, -0.28175547E+00, -0.91597029E+00, -0.20161958E-01
     3844.,  0.73305187E-02, -0.68017274E-02,  0.18689100E+00, -0.28164137E+00, -0.91757044E+00, -0.12907967E-01
     3845.,  0.90096887E-02, -0.43388374E-02,  0.18689100E+00, -0.28064571E+00, -0.91882828E+00, -0.45070497E-02
     3846.,  0.98883083E-02, -0.14904227E-02,  0.18689100E+00, -0.27911449E+00, -0.91930668E+00,  0.42943393E-02
     3847.,  0.98883083E-02,  0.14904227E-02,  0.18689100E+00, -0.27757985E+00, -0.91883939E+00,  0.12714162E-01
     3848.,  0.90096887E-02,  0.43388374E-02,  0.18689100E+00, -0.27657511E+00, -0.91758880E+00,  0.20004272E-01
     3849.,  0.73305187E-02,  0.68017274E-02,  0.18689100E+00, -0.27644943E+00, -0.91598951E+00,  0.25516914E-01
     3850.,  0.50000000E-02,  0.86602540E-02,  0.18689100E+00, -0.27724649E+00, -0.91459733E+00,  0.28762268E-01
     3851.,  0.22252093E-02,  0.97492791E-02,  0.18689100E+00, -0.27868930E+00, -0.91389606E+00,  0.29451969E-01
     3852., -0.74730094E-03,  0.99720380E-02,  0.18689100E+00, -0.28027645E+00, -0.91412940E+00,  0.27524732E-01
     3853., -0.36534102E-02,  0.93087375E-02,  0.18689100E+00, -0.28145636E+00, -0.91521627E+00,  0.23151802E-01
     3854., -0.62348980E-02,  0.78183148E-02,  0.18689100E+00, -0.28181899E+00, -0.91677894E+00,  0.16721730E-01
     3855., -0.82623877E-02,  0.56332006E-02,  0.18689100E+00, -0.28123832E+00, -0.91827437E+00,  0.88058616E-02
     3856., -0.95557281E-02,  0.29475517E-02,  0.18689100E+00, -0.27991614E+00, -0.91918284E+00,  0.10755424E-03
     3857., -0.95557281E-02, -0.29475517E-02,  0.19765905E+00, -0.28397869E+00, -0.94148516E+00, -0.42959660E-02
     3858., -0.82623877E-02, -0.56332006E-02,  0.19765905E+00, -0.28337226E+00, -0.93995627E+00, -0.59772240E-02
     3859., -0.62348980E-02, -0.78183148E-02,  0.19765905E+00, -0.28373244E+00, -0.93835143E+00, -0.71273799E-02
     3860., -0.36534102E-02, -0.93087375E-02,  0.19765905E+00, -0.28493407E+00, -0.93722836E+00, -0.76442361E-02
     3861., -0.74730094E-03, -0.99720380E-02,  0.19765905E+00, -0.28655957E+00, -0.93697734E+00, -0.74818689E-02
     3862.,  0.22252093E-02, -0.97492791E-02,  0.19765905E+00, -0.28804403E+00, -0.93768561E+00, -0.66547042E-02
     3863.,  0.50000000E-02, -0.86602540E-02,  0.19765905E+00, -0.28887157E+00, -0.93910703E+00, -0.52362401E-02
     3864.,  0.73305187E-02, -0.68017274E-02,  0.19765905E+00, -0.28875459E+00, -0.94074764E+00, -0.33525124E-02
     3865.,  0.90096887E-02, -0.43388374E-02,  0.19765905E+00, -0.28773376E+00, -0.94203727E+00, -0.11708997E-02
     3866.,  0.98883083E-02, -0.14904227E-02,  0.19765905E+00, -0.28616383E+00, -0.94252777E+00,  0.11147530E-02
     3867.,  0.98883083E-02,  0.14904227E-02,  0.19765905E+00, -0.28459039E+00, -0.94204866E+00,  0.33013557E-02
     3868.,  0.90096887E-02,  0.43388374E-02,  0.19765905E+00, -0.28356025E+00, -0.94076645E+00,  0.51946186E-02
     3869.,  0.73305187E-02,  0.68017274E-02,  0.19765905E+00, -0.28343139E+00, -0.93912674E+00,  0.66263157E-02
     3870.,  0.50000000E-02,  0.86602540E-02,  0.19765905E+00, -0.28424860E+00, -0.93769935E+00,  0.74692365E-02
     3871.,  0.22252093E-02,  0.97492791E-02,  0.19765905E+00, -0.28572789E+00, -0.93698036E+00,  0.76484821E-02
     3872., -0.74730094E-03,  0.99720380E-02,  0.19765905E+00, -0.28735516E+00, -0.93721960E+00,  0.71481278E-02
     3873., -0.36534102E-02,  0.93087375E-02,  0.19765905E+00, -0.28856491E+00, -0.93833394E+00,  0.60126304E-02
     3874., -0.62348980E-02,  0.78183148E-02,  0.19765905E+00, -0.28893670E+00, -0.93993612E+00,  0.43428838E-02
     3875., -0.82623877E-02,  0.56332006E-02,  0.19765905E+00, -0.28834135E+00, -0.94146935E+00,  0.22872550E-02
     3876., -0.95557281E-02,  0.29475517E-02,  0.19765905E+00, -0.28698575E+00, -0.94240080E+00,  0.28393125E-04
     3877., -0.95557281E-02, -0.29475517E-02,  0.20883819E+00, -0.28249013E+00, -0.93655840E+00,  0.85517507E-02
     3878., -0.82623877E-02, -0.56332006E-02,  0.20883819E+00, -0.28188646E+00, -0.93503650E+00,  0.11897562E-01
     3879., -0.62348980E-02, -0.78183148E-02,  0.20883819E+00, -0.28224500E+00, -0.93343898E+00,  0.14186223E-01
     3880., -0.36534102E-02, -0.93087375E-02,  0.20883819E+00, -0.28344114E+00, -0.93232104E+00,  0.15214377E-01
     3881., -0.74730094E-03, -0.99720380E-02,  0.20883819E+00, -0.28505921E+00, -0.93207117E+00,  0.14890665E-01
     3882.,  0.22252093E-02, -0.97492791E-02,  0.20883819E+00, -0.28653689E+00, -0.93277620E+00,  0.13243854E-01
     3883.,  0.50000000E-02, -0.86602540E-02,  0.20883819E+00, -0.28736064E+00, -0.93419113E+00,  0.10420267E-01
     3884.,  0.73305187E-02, -0.68017274E-02,  0.20883819E+00, -0.28724420E+00, -0.93582424E+00,  0.66707935E-02
     3885.,  0.90096887E-02, -0.43388374E-02,  0.20883819E+00, -0.28622803E+00, -0.93710798E+00,  0.23285922E-02
     3886.,  0.98883083E-02, -0.14904227E-02,  0.20883819E+00, -0.28466527E+00, -0.93759624E+00, -0.22205152E-02
     3887.,  0.98883083E-02,  0.14904227E-02,  0.20883819E+00, -0.28309902E+00, -0.93711932E+00, -0.65723231E-02
     3888.,  0.90096887E-02,  0.43388374E-02,  0.20883819E+00, -0.28207358E+00, -0.93584297E+00, -0.10340149E-01
     3889.,  0.73305187E-02,  0.68017274E-02,  0.20883819E+00, -0.28194532E+00, -0.93421074E+00, -0.13189207E-01
     3890.,  0.50000000E-02,  0.86602540E-02,  0.20883819E+00, -0.28275880E+00, -0.93278988E+00, -0.14866348E-01
     3891.,  0.22252093E-02,  0.97492791E-02,  0.20883819E+00, -0.28423132E+00, -0.93207417E+00, -0.15222548E-01
     3892., -0.74730094E-03,  0.99720380E-02,  0.20883819E+00, -0.28585117E+00, -0.93231232E+00, -0.14226158E-01
     3893., -0.36534102E-02,  0.93087375E-02,  0.20883819E+00, -0.28705539E+00, -0.93342157E+00, -0.11965712E-01
     3894., -0.62348980E-02,  0.78183148E-02,  0.20883819E+00, -0.28742549E+00, -0.93501643E+00, -0.86420575E-02
     3895., -0.82623877E-02,  0.56332006E-02,  0.20883819E+00, -0.28683286E+00, -0.93654266E+00, -0.45505204E-02
     3896., -0.95557281E-02,  0.29475517E-02,  0.20883819E+00, -0.28548345E+00, -0.93746985E+00, -0.54651152E-04
     3897., -0.95557281E-02, -0.29475517E-02,  0.22044414E+00, -0.27155852E+00, -0.90033017E+00,  0.21614129E-01
     3898., -0.82623877E-02, -0.56332006E-02,  0.22044414E+00, -0.27097738E+00, -0.89886507E+00,  0.30071010E-01
     3899., -0.62348980E-02, -0.78183148E-02,  0.22044414E+00, -0.27132254E+00, -0.89732717E+00,  0.35855949E-01
     3900., -0.36534102E-02, -0.93087375E-02,  0.22044414E+00, -0.27247404E+00, -0.89625095E+00,  0.38454933E-01
     3901., -0.74730094E-03, -0.99720380E-02,  0.22044414E+00, -0.27403172E+00, -0.89601040E+00,  0.37637027E-01
     3902.,  0.22252093E-02, -0.97492791E-02,  0.22044414E+00, -0.27545426E+00, -0.89668912E+00,  0.33474905E-01
     3903.,  0.50000000E-02, -0.86602540E-02,  0.22044414E+00, -0.27624727E+00, -0.89805124E+00,  0.26338389E-01
     3904.,  0.73305187E-02, -0.68017274E-02,  0.22044414E+00, -0.27613517E+00, -0.89962340E+00,  0.16861592E-01
     3905.,  0.90096887E-02, -0.43388374E-02,  0.22044414E+00, -0.27515693E+00, -0.90085924E+00,  0.58865708E-02
     3906.,  0.98883083E-02, -0.14904227E-02,  0.22044414E+00, -0.27365249E+00, -0.90132928E+00, -0.56114992E-02
     3907.,  0.98883083E-02,  0.14904227E-02,  0.22044414E+00, -0.27214470E+00, -0.90087016E+00, -0.16610967E-01
     3908.,  0.90096887E-02,  0.43388374E-02,  0.22044414E+00, -0.27115753E+00, -0.89964145E+00, -0.26134474E-01
     3909.,  0.73305187E-02,  0.68017274E-02,  0.22044414E+00, -0.27103405E+00, -0.89807014E+00, -0.33335817E-01
     3910.,  0.50000000E-02,  0.86602540E-02,  0.22044414E+00, -0.27181716E+00, -0.89670230E+00, -0.37575127E-01
     3911.,  0.22252093E-02,  0.97492791E-02,  0.22044414E+00, -0.27323474E+00, -0.89601330E+00, -0.38475724E-01
     3912., -0.74730094E-03,  0.99720380E-02,  0.22044414E+00, -0.27479412E+00, -0.89624256E+00, -0.35957584E-01
     3913., -0.36534102E-02,  0.93087375E-02,  0.22044414E+00, -0.27595340E+00, -0.89731041E+00, -0.30244455E-01
     3914., -0.62348980E-02,  0.78183148E-02,  0.22044414E+00, -0.27630969E+00, -0.89884575E+00, -0.21843969E-01
     3915., -0.82623877E-02,  0.56332006E-02,  0.22044414E+00, -0.27573918E+00, -0.90031502E+00, -0.11502556E-01
     3916., -0.95557281E-02,  0.29475517E-02,  0.22044414E+00, -0.27444013E+00, -0.90120761E+00, -0.13909166E-03
     3917., -0.95557281E-02, -0.29475517E-02,  0.23249318E+00, -0.25047423E+00, -0.83044775E+00,  0.34419117E-01
     3918., -0.82623877E-02, -0.56332006E-02,  0.23249318E+00, -0.24993690E+00, -0.82909309E+00,  0.47886358E-01
     3919., -0.62348980E-02, -0.78183148E-02,  0.23249318E+00, -0.25025603E+00, -0.82767111E+00,  0.57098687E-01
     3920., -0.36534102E-02, -0.93087375E-02,  0.23249318E+00, -0.25132074E+00, -0.82667601E+00,  0.61237549E-01
     3921., -0.74730094E-03, -0.99720380E-02,  0.23249318E+00, -0.25276101E+00, -0.82645359E+00,  0.59935187E-01
     3922.,  0.22252093E-02, -0.97492791E-02,  0.23249318E+00, -0.25407632E+00, -0.82708115E+00,  0.53307321E-01
     3923.,  0.50000000E-02, -0.86602540E-02,  0.23249318E+00, -0.25480956E+00, -0.82834060E+00,  0.41942861E-01
     3924.,  0.73305187E-02, -0.68017274E-02,  0.23249318E+00, -0.25470592E+00, -0.82979426E+00,  0.26851596E-01
     3925.,  0.90096887E-02, -0.43388374E-02,  0.23249318E+00, -0.25380141E+00, -0.83093695E+00,  0.93744531E-02
     3926.,  0.98883083E-02, -0.14904227E-02,  0.23249318E+00, -0.25241037E+00, -0.83137155E+00, -0.89356526E-02
     3927.,  0.98883083E-02,  0.14904227E-02,  0.23249318E+00, -0.25101623E+00, -0.83094704E+00, -0.26451795E-01
     3928.,  0.90096887E-02,  0.43388374E-02,  0.23249318E+00, -0.25010347E+00, -0.82981094E+00, -0.41617571E-01
     3929.,  0.73305187E-02,  0.68017274E-02,  0.23249318E+00, -0.24998929E+00, -0.82835807E+00, -0.53085442E-01
     3930.,  0.50000000E-02,  0.86602540E-02,  0.23249318E+00, -0.25071338E+00, -0.82709334E+00, -0.59836441E-01
     3931.,  0.22252093E-02,  0.97492791E-02,  0.23249318E+00, -0.25202410E+00, -0.82645627E+00, -0.61270710E-01
     3932., -0.74730094E-03,  0.99720380E-02,  0.23249318E+00, -0.25346595E+00, -0.82666825E+00, -0.57260809E-01
     3933., -0.36534102E-02,  0.93087375E-02,  0.23249318E+00, -0.25453785E+00, -0.82765561E+00, -0.48163032E-01
     3934., -0.62348980E-02,  0.78183148E-02,  0.23249318E+00, -0.25486728E+00, -0.82907522E+00, -0.34785754E-01
     3935., -0.82623877E-02,  0.56332006E-02,  0.23249318E+00, -0.25433977E+00, -0.83043375E+00, -0.18317616E-01
     3936., -0.95557281E-02,  0.29475517E-02,  0.23249318E+00, -0.25313864E+00, -0.83125906E+00, -0.22187884E-03
     3937., -0.95557281E-02, -0.29475517E-02,  0.24500223E+00, -0.21888802E+00, -0.72575293E+00,  0.46412821E-01
     3938., -0.82623877E-02, -0.56332006E-02,  0.24500223E+00, -0.21841652E+00, -0.72456426E+00,  0.64572987E-01
     3939., -0.62348980E-02, -0.78183148E-02,  0.24500223E+00, -0.21869655E+00, -0.72331652E+00,  0.76995561E-01
     3940., -0.36534102E-02, -0.93087375E-02,  0.24500223E+00, -0.21963080E+00, -0.72244335E+00,  0.82576746E-01
     3941., -0.74730094E-03, -0.99720380E-02,  0.24500223E+00, -0.22089459E+00, -0.72224819E+00,  0.80820625E-01
     3942.,  0.22252093E-02, -0.97492791E-02,  0.24500223E+00, -0.22204872E+00, -0.72279885E+00,  0.71883236E-01
     3943.,  0.50000000E-02, -0.86602540E-02,  0.24500223E+00, -0.22269211E+00, -0.72390397E+00,  0.56558701E-01
     3944.,  0.73305187E-02, -0.68017274E-02,  0.24500223E+00, -0.22260117E+00, -0.72517950E+00,  0.36208679E-01
     3945.,  0.90096887E-02, -0.43388374E-02,  0.24500223E+00, -0.22180749E+00, -0.72618217E+00,  0.12641365E-01
     3946.,  0.98883083E-02, -0.14904227E-02,  0.24500223E+00, -0.22058691E+00, -0.72656352E+00, -0.12049194E-01
     3947.,  0.98883083E-02,  0.14904227E-02,  0.24500223E+00, -0.21936359E+00, -0.72619103E+00, -0.35669139E-01
     3948.,  0.90096887E-02,  0.43388374E-02,  0.24500223E+00, -0.21856268E+00, -0.72519414E+00, -0.56119716E-01
     3949.,  0.73305187E-02,  0.68017274E-02,  0.24500223E+00, -0.21846249E+00, -0.72391930E+00, -0.71583807E-01
     3950.,  0.50000000E-02,  0.86602540E-02,  0.24500223E+00, -0.21909785E+00, -0.72280954E+00, -0.80687367E-01
     3951.,  0.22252093E-02,  0.97492791E-02,  0.24500223E+00, -0.22024797E+00, -0.72225054E+00, -0.82621501E-01
     3952., -0.74730094E-03,  0.99720380E-02,  0.24500223E+00, -0.22151314E+00, -0.72243654E+00, -0.77214353E-01
     3953., -0.36534102E-02,  0.93087375E-02,  0.24500223E+00, -0.22245369E+00, -0.72330292E+00, -0.64946369E-01
     3954., -0.62348980E-02,  0.78183148E-02,  0.24500223E+00, -0.22274276E+00, -0.72454858E+00, -0.46907608E-01
     3955., -0.82623877E-02,  0.56332006E-02,  0.24500223E+00, -0.22227989E+00, -0.72574064E+00, -0.24700910E-01
     3956., -0.95557281E-02,  0.29475517E-02,  0.24500223E+00, -0.22122594E+00, -0.72646482E+00, -0.29943005E-03
     3957., -0.95557281E-02, -0.29475517E-02,  0.25798886E+00, -0.17693171E+00, -0.58668217E+00,  0.56972826E-01
     3958., -0.82623877E-02, -0.56332006E-02,  0.25798886E+00, -0.17654786E+00, -0.58571444E+00,  0.79264948E-01
     3959., -0.62348980E-02, -0.78183148E-02,  0.25798886E+00, -0.17677584E+00, -0.58469863E+00,  0.94514032E-01
     3960., -0.36534102E-02, -0.93087375E-02,  0.25798886E+00, -0.17753643E+00, -0.58398776E+00,  0.10136514E+00
     3961., -0.74730094E-03, -0.99720380E-02,  0.25798886E+00, -0.17856531E+00, -0.58382887E+00,  0.99209502E-01
     3962.,  0.22252093E-02, -0.97492791E-02,  0.25798886E+00, -0.17950492E+00, -0.58427718E+00,  0.88238668E-01
     3963.,  0.50000000E-02, -0.86602540E-02,  0.25798886E+00, -0.18002873E+00, -0.58517688E+00,  0.69427436E-01
     3964.,  0.73305187E-02, -0.68017274E-02,  0.25798886E+00, -0.17995469E+00, -0.58621533E+00,  0.44447272E-01
     3965.,  0.90096887E-02, -0.43388374E-02,  0.25798886E+00, -0.17930854E+00, -0.58703163E+00,  0.15517782E-01
     3966.,  0.98883083E-02, -0.14904227E-02,  0.25798886E+00, -0.17831483E+00, -0.58734210E+00, -0.14790535E-01
     3967.,  0.98883083E-02,  0.14904227E-02,  0.25798886E+00, -0.17731890E+00, -0.58703884E+00, -0.43784662E-01
     3968.,  0.90096887E-02,  0.43388374E-02,  0.25798886E+00, -0.17666685E+00, -0.58622725E+00, -0.68888317E-01
     3969.,  0.73305187E-02,  0.68017274E-02,  0.25798886E+00, -0.17658528E+00, -0.58518937E+00, -0.87870938E-01
     3970.,  0.50000000E-02,  0.86602540E-02,  0.25798886E+00, -0.17710255E+00, -0.58428588E+00, -0.99045847E-01
     3971.,  0.22252093E-02,  0.97492791E-02,  0.25798886E+00, -0.17803888E+00, -0.58383078E+00, -0.10142010E+00
     3972., -0.74730094E-03,  0.99720380E-02,  0.25798886E+00, -0.17906889E+00, -0.58398221E+00, -0.94782730E-01
     3973., -0.36534102E-02,  0.93087375E-02,  0.25798886E+00, -0.17983462E+00, -0.58468755E+00, -0.79723498E-01
     3974., -0.62348980E-02,  0.78183148E-02,  0.25798886E+00, -0.18006996E+00, -0.58570167E+00, -0.57580475E-01
     3975., -0.82623877E-02,  0.56332006E-02,  0.25798886E+00, -0.17969313E+00, -0.58667216E+00, -0.30321186E-01
     3976., -0.95557281E-02,  0.29475517E-02,  0.25798886E+00, -0.17883508E+00, -0.58726173E+00, -0.36773167E-03
     3977., -0.95557281E-02, -0.29475517E-02,  0.27147129E+00, -0.12534121E+00, -0.41567421E+00,  0.65431610E-01
     3978., -0.82623877E-02, -0.56332006E-02,  0.27147129E+00, -0.12506527E+00, -0.41497856E+00,  0.91033523E-01
     3979., -0.62348980E-02, -0.78183148E-02,  0.27147129E+00, -0.12522916E+00, -0.41424835E+00,  0.10854671E+00
     3980., -0.36534102E-02, -0.93087375E-02,  0.27147129E+00, -0.12577590E+00, -0.41373735E+00,  0.11641505E+00
     3981., -0.74730094E-03, -0.99720380E-02,  0.27147129E+00, -0.12651551E+00, -0.41362314E+00,  0.11393941E+00
     3982.,  0.22252093E-02, -0.97492791E-02,  0.27147129E+00, -0.12719095E+00, -0.41394540E+00,  0.10133974E+00
     3983.,  0.50000000E-02, -0.86602540E-02,  0.27147129E+00, -0.12756748E+00, -0.41459215E+00,  0.79735591E-01
     3984.,  0.73305187E-02, -0.68017274E-02,  0.27147129E+00, -0.12751426E+00, -0.41533863E+00,  0.51046584E-01
     3985.,  0.90096887E-02, -0.43388374E-02,  0.27147129E+00, -0.12704978E+00, -0.41592542E+00,  0.17821874E-01
     3986.,  0.98883083E-02, -0.14904227E-02,  0.27147129E+00, -0.12633546E+00, -0.41614860E+00, -0.16986391E-01
     3987.,  0.98883083E-02,  0.14904227E-02,  0.27147129E+00, -0.12561954E+00, -0.41593061E+00, -0.50285356E-01
     3988.,  0.90096887E-02,  0.43388374E-02,  0.27147129E+00, -0.12515082E+00, -0.41534720E+00, -0.79116233E-01
     3989.,  0.73305187E-02,  0.68017274E-02,  0.27147129E+00, -0.12509219E+00, -0.41460112E+00, -0.10091728E+00
     3990.,  0.50000000E-02,  0.86602540E-02,  0.27147129E+00, -0.12546402E+00, -0.41395166E+00, -0.11375139E+00
     3991.,  0.22252093E-02,  0.97492791E-02,  0.27147129E+00, -0.12613710E+00, -0.41362451E+00, -0.11647820E+00
     3992., -0.74730094E-03,  0.99720380E-02,  0.27147129E+00, -0.12687751E+00, -0.41373336E+00, -0.10885540E+00
     3993., -0.36534102E-02,  0.93087375E-02,  0.27147129E+00, -0.12742795E+00, -0.41424038E+00, -0.91560323E-01
     3994., -0.62348980E-02,  0.78183148E-02,  0.27147129E+00, -0.12759713E+00, -0.41496938E+00, -0.66129700E-01
     3995., -0.82623877E-02,  0.56332006E-02,  0.27147129E+00, -0.12732624E+00, -0.41566701E+00, -0.34823175E-01
     3996., -0.95557281E-02,  0.29475517E-02,  0.27147129E+00, -0.12670944E+00, -0.41609082E+00, -0.42246235E-03
     3997., -0.95557281E-02, -0.29475517E-02,  0.28546845E+00, -0.65570286E-01, -0.21754748E+00,  0.71111760E-01
     3998., -0.82623877E-02, -0.56332006E-02,  0.28546845E+00, -0.65419537E-01, -0.21716743E+00,  0.98936243E-01
     3999., -0.62348980E-02, -0.78183148E-02,  0.28546845E+00, -0.65509065E-01, -0.21676851E+00,  0.11796981E+00
     4000., -0.36534102E-02, -0.93087375E-02,  0.28546845E+00, -0.65807758E-01, -0.21648934E+00,  0.12652125E+00
     4001., -0.74730094E-03, -0.99720380E-02,  0.28546845E+00, -0.66211814E-01, -0.21642694E+00,  0.12383072E+00
     4002.,  0.22252093E-02, -0.97492791E-02,  0.28546845E+00, -0.66580814E-01, -0.21660300E+00,  0.11013728E+00
     4003.,  0.50000000E-02, -0.86602540E-02,  0.28546845E+00, -0.66786520E-01, -0.21695632E+00,  0.86657662E-01
     4004.,  0.73305187E-02, -0.68017274E-02,  0.28546845E+00, -0.66757445E-01, -0.21736414E+00,  0.55478129E-01
     4005.,  0.90096887E-02, -0.43388374E-02,  0.28546845E+00, -0.66503694E-01, -0.21768471E+00,  0.19369132E-01
     4006.,  0.98883083E-02, -0.14904227E-02,  0.28546845E+00, -0.66113451E-01, -0.21780664E+00, -0.18460901E-01
     4007.,  0.98883083E-02,  0.14904227E-02,  0.28546845E+00, -0.65722334E-01, -0.21768755E+00, -0.54650619E-01
     4008.,  0.90096887E-02,  0.43388374E-02,  0.28546845E+00, -0.65466264E-01, -0.21736883E+00, -0.85984375E-01
     4009.,  0.73305187E-02,  0.68017274E-02,  0.28546845E+00, -0.65434231E-01, -0.21696124E+00, -0.10967804E+00
     4010.,  0.50000000E-02,  0.86602540E-02,  0.28546845E+00, -0.65637367E-01, -0.21660642E+00, -0.12362633E+00
     4011.,  0.22252093E-02,  0.97492791E-02,  0.28546845E+00, -0.66005078E-01, -0.21642770E+00, -0.12658989E+00
     4012., -0.74730094E-03,  0.99720380E-02,  0.28546845E+00, -0.66409579E-01, -0.21648716E+00, -0.11830538E+00
     4013., -0.36534102E-02,  0.93087375E-02,  0.28546845E+00, -0.66710293E-01, -0.21676416E+00, -0.99508908E-01
     4014., -0.62348980E-02,  0.78183148E-02,  0.28546845E+00, -0.66802716E-01, -0.21716242E+00, -0.71870627E-01
     4015., -0.82623877E-02,  0.56332006E-02,  0.28546845E+00, -0.66654731E-01, -0.21754354E+00, -0.37846340E-01
     4016., -0.95557281E-02,  0.29475517E-02,  0.28546845E+00, -0.66317765E-01, -0.21777508E+00, -0.45924343E-03
     4017., -0.95557281E-02, -0.29475517E-02,  0.30000000E+00,  0.12031353E-03,  0.20447119E-03,  0.73374546E-01
     4018., -0.82623877E-02, -0.56332006E-02,  0.30000000E+00,  0.13333020E-03,  0.23727720E-03,  0.10208446E+00
     4019., -0.62348980E-02, -0.78183148E-02,  0.30000000E+00,  0.12560571E-03,  0.27171637E-03,  0.12172372E+00
     4020., -0.36534102E-02, -0.93087375E-02,  0.30000000E+00,  0.99823998E-04,  0.29582030E-03,  0.13054730E+00
     4021., -0.74730094E-03, -0.99720380E-02,  0.30000000E+00,  0.64945575E-04,  0.30121154E-03,  0.12777119E+00
     4022.,  0.22252093E-02, -0.97492791E-02,  0.30000000E+00,  0.33090456E-04,  0.28601814E-03,  0.11364204E+00
     4023.,  0.50000000E-02, -0.86602540E-02,  0.30000000E+00,  0.15330806E-04,  0.25551947E-03,  0.89415285E-01
     4024.,  0.73305187E-02, -0.68017274E-02,  0.30000000E+00,  0.17838230E-04,  0.22031445E-03,  0.57243594E-01
     4025.,  0.90096887E-02, -0.43388374E-02,  0.30000000E+00,  0.39742245E-04,  0.19263735E-03,  0.19985571E-01
     4026.,  0.98883083E-02, -0.14904227E-02,  0.30000000E+00,  0.73430298E-04,  0.18210661E-03, -0.19048262E-01
     4027.,  0.98883083E-02,  0.14904227E-02,  0.30000000E+00,  0.10719623E-03,  0.19238202E-03, -0.56389590E-01
     4028.,  0.90096887E-02,  0.43388374E-02,  0.30000000E+00,  0.12930546E-03,  0.21989195E-03, -0.88720441E-01
     4029.,  0.73305187E-02,  0.68017274E-02,  0.30000000E+00,  0.13207513E-03,  0.25507528E-03, -0.11316809E+00
     4030.,  0.50000000E-02,  0.86602540E-02,  0.30000000E+00,  0.11454313E-03,  0.28570536E-03, -0.12756026E+00
     4031.,  0.22252093E-02,  0.97492791E-02,  0.30000000E+00,  0.82801907E-04,  0.30113698E-03, -0.13061814E+00
     4032., -0.74730094E-03,  0.99720380E-02,  0.30000000E+00,  0.47882013E-04,  0.29600732E-03, -0.12207003E+00
     4033., -0.36534102E-02,  0.93087375E-02,  0.30000000E+00,  0.21919052E-04,  0.27209898E-03, -0.10267546E+00
     4034., -0.62348980E-02,  0.78183148E-02,  0.30000000E+00,  0.13935615E-04,  0.23772029E-03, -0.74157719E-01
     4035., -0.82623877E-02,  0.56332006E-02,  0.30000000E+00,  0.26703890E-04,  0.20481981E-03, -0.39050748E-01
     4036., -0.95557281E-02,  0.29475517E-02,  0.30000000E+00,  0.55787692E-04,  0.18483006E-03, -0.47395242E-03
     4037., -0.95557281E-02, -0.29475517E-02,  0.31453155E+00,  0.66138288E-01,  0.21904405E+00,  0.71816254E-01
     4038., -0.82623877E-02, -0.56332006E-02,  0.31453155E+00,  0.66012755E-01,  0.21872756E+00,  0.99916482E-01
     4039., -0.62348980E-02, -0.78183148E-02,  0.31453155E+00,  0.66087317E-01,  0.21839535E+00,  0.11913870E+00
     4040., -0.36534102E-02, -0.93087375E-02,  0.31453155E+00,  0.66336063E-01,  0.21816287E+00,  0.12777492E+00
     4041., -0.74730094E-03, -0.99720380E-02,  0.31453155E+00,  0.66672550E-01,  0.21811091E+00,  0.12505778E+00
     4042.,  0.22252093E-02, -0.97492791E-02,  0.31453155E+00,  0.66979838E-01,  0.21825753E+00,  0.11122871E+00
     4043.,  0.50000000E-02, -0.86602540E-02,  0.31453155E+00,  0.67151138E-01,  0.21855177E+00,  0.87516471E-01
     4044.,  0.73305187E-02, -0.68017274E-02,  0.31453155E+00,  0.67126918E-01,  0.21889138E+00,  0.56028012E-01
     4045.,  0.90096887E-02, -0.43388374E-02,  0.31453155E+00,  0.66915598E-01,  0.21915834E+00,  0.19561229E-01
     4046.,  0.98883083E-02, -0.14904227E-02,  0.31453155E+00,  0.66590615E-01,  0.21925987E+00, -0.18643658E-01
     4047.,  0.98883083E-02,  0.14904227E-02,  0.31453155E+00,  0.66264910E-01,  0.21916069E+00, -0.55191992E-01
     4048.,  0.90096887E-02,  0.43388374E-02,  0.31453155E+00,  0.66051671E-01,  0.21889526E+00, -0.86836260E-01
     4049.,  0.73305187E-02,  0.68017274E-02,  0.31453155E+00,  0.66025005E-01,  0.21855583E+00, -0.11076474E+00
     4050.,  0.50000000E-02,  0.86602540E-02,  0.31453155E+00,  0.66194177E-01,  0.21826036E+00, -0.12485129E+00
     4051.,  0.22252093E-02,  0.97492791E-02,  0.31453155E+00,  0.66500400E-01,  0.21811153E+00, -0.12784427E+00
     4052., -0.74730094E-03,  0.99720380E-02,  0.31453155E+00,  0.66837255E-01,  0.21816106E+00, -0.11947771E+00
     4053., -0.36534102E-02,  0.93087375E-02,  0.31453155E+00,  0.67087675E-01,  0.21839174E+00, -0.10049504E+00
     4054., -0.62348980E-02,  0.78183148E-02,  0.31453155E+00,  0.67164634E-01,  0.21872340E+00, -0.72582926E-01
     4055., -0.82623877E-02,  0.56332006E-02,  0.31453155E+00,  0.67041387E-01,  0.21904079E+00, -0.38221519E-01
     4056., -0.95557281E-02,  0.29475517E-02,  0.31453155E+00,  0.66760766E-01,  0.21923360E+00, -0.46396705E-03
     4057., -0.95557281E-02, -0.29475517E-02,  0.32852871E+00,  0.12682372E+00,  0.42020906E+00,  0.66772538E-01
     4058., -0.82623877E-02, -0.56332006E-02,  0.32852871E+00,  0.12657072E+00,  0.41957122E+00,  0.92899302E-01
     4059., -0.62348980E-02, -0.78183148E-02,  0.32852871E+00,  0.12672099E+00,  0.41890169E+00,  0.11077156E+00
     4060., -0.36534102E-02, -0.93087375E-02,  0.32852871E+00,  0.12722231E+00,  0.41843315E+00,  0.11880128E+00
     4061., -0.74730094E-03, -0.99720380E-02,  0.32852871E+00,  0.12790045E+00,  0.41832843E+00,  0.11627499E+00
     4062.,  0.22252093E-02, -0.97492791E-02,  0.32852871E+00,  0.12851976E+00,  0.41862392E+00,  0.10341715E+00
     4063.,  0.50000000E-02, -0.86602540E-02,  0.32852871E+00,  0.12886499E+00,  0.41921692E+00,  0.81370241E-01
     4064.,  0.73305187E-02, -0.68017274E-02,  0.32852871E+00,  0.12881619E+00,  0.41990137E+00,  0.52093227E-01
     4065.,  0.90096887E-02, -0.43388374E-02,  0.32852871E+00,  0.12839030E+00,  0.42043939E+00,  0.18187514E-01
     4066.,  0.98883083E-02, -0.14904227E-02,  0.32852871E+00,  0.12773534E+00,  0.42064402E+00, -0.17334244E-01
     4067.,  0.98883083E-02,  0.14904227E-02,  0.32852871E+00,  0.12707891E+00,  0.42044413E+00, -0.51315793E-01
     4068.,  0.90096887E-02,  0.43388374E-02,  0.32852871E+00,  0.12664915E+00,  0.41990920E+00, -0.80737696E-01
     4069.,  0.73305187E-02,  0.68017274E-02,  0.32852871E+00,  0.12659540E+00,  0.41922513E+00, -0.10298570E+00
     4070.,  0.50000000E-02,  0.86602540E-02,  0.32852871E+00,  0.12693634E+00,  0.41862964E+00, -0.11608297E+00
     4071.,  0.22252093E-02,  0.97492791E-02,  0.32852871E+00,  0.12755350E+00,  0.41832969E+00, -0.11886577E+00
     4072., -0.74730094E-03,  0.99720380E-02,  0.32852871E+00,  0.12823238E+00,  0.41842951E+00, -0.11108682E+00
     4073., -0.36534102E-02,  0.93087375E-02,  0.32852871E+00,  0.12873707E+00,  0.41889441E+00, -0.93437317E-01
     4074., -0.62348980E-02,  0.78183148E-02,  0.32852871E+00,  0.12889218E+00,  0.41956283E+00, -0.67485490E-01
     4075., -0.82623877E-02,  0.56332006E-02,  0.32852871E+00,  0.12864380E+00,  0.42020248E+00, -0.35537293E-01
     4076., -0.95557281E-02,  0.29475517E-02,  0.32852871E+00,  0.12807824E+00,  0.42059107E+00, -0.43145556E-03
     4077., -0.95557281E-02, -0.29475517E-02,  0.34201114E+00,  0.17979859E+00,  0.59581611E+00,  0.58852059E-01
     4078., -0.82623877E-02, -0.56332006E-02,  0.34201114E+00,  0.17943423E+00,  0.59489751E+00,  0.81879733E-01
     4079., -0.62348980E-02, -0.78183148E-02,  0.34201114E+00,  0.17965064E+00,  0.59393328E+00,  0.97632036E-01
     4080., -0.36534102E-02, -0.93087375E-02,  0.34201114E+00,  0.18037261E+00,  0.59325850E+00,  0.10470931E+00
     4081., -0.74730094E-03, -0.99720380E-02,  0.34201114E+00,  0.18134926E+00,  0.59310769E+00,  0.10248270E+00
     4082.,  0.22252093E-02, -0.97492791E-02,  0.34201114E+00,  0.18224116E+00,  0.59353323E+00,  0.91150054E-01
     4083.,  0.50000000E-02, -0.86602540E-02,  0.34201114E+00,  0.18273837E+00,  0.59438726E+00,  0.71718319E-01
     4084.,  0.73305187E-02, -0.68017274E-02,  0.34201114E+00,  0.18266808E+00,  0.59537298E+00,  0.45914098E-01
     4085.,  0.90096887E-02, -0.43388374E-02,  0.34201114E+00,  0.18205473E+00,  0.59614782E+00,  0.16030217E-01
     4086.,  0.98883083E-02, -0.14904227E-02,  0.34201114E+00,  0.18111148E+00,  0.59644252E+00, -0.15278022E-01
     4087.,  0.98883083E-02,  0.14904227E-02,  0.34201114E+00,  0.18016612E+00,  0.59615466E+00, -0.45228756E-01
     4088.,  0.90096887E-02,  0.43388374E-02,  0.34201114E+00,  0.17954718E+00,  0.59538427E+00, -0.71160704E-01
     4089.,  0.73305187E-02,  0.68017274E-02,  0.34201114E+00,  0.17946977E+00,  0.59439908E+00, -0.90769708E-01
     4090.,  0.50000000E-02,  0.86602540E-02,  0.34201114E+00,  0.17996078E+00,  0.59354148E+00, -0.10231343E+00
     4091.,  0.22252093E-02,  0.97492791E-02,  0.34201114E+00,  0.18084958E+00,  0.59310949E+00, -0.10476616E+00
     4092., -0.74730094E-03,  0.99720380E-02,  0.34201114E+00,  0.18182729E+00,  0.59325325E+00, -0.97909951E-01
     4093., -0.36534102E-02,  0.93087375E-02,  0.34201114E+00,  0.18255414E+00,  0.59392278E+00, -0.82354014E-01
     4094., -0.62348980E-02,  0.78183148E-02,  0.34201114E+00,  0.18277752E+00,  0.59488542E+00, -0.59480553E-01
     4095., -0.82623877E-02,  0.56332006E-02,  0.34201114E+00,  0.18241981E+00,  0.59580663E+00, -0.31321996E-01
     4096., -0.95557281E-02,  0.29475517E-02,  0.34201114E+00,  0.18160532E+00,  0.59636627E+00, -0.38034611E-03
     4097., -0.95557281E-02, -0.29475517E-02,  0.35499777E+00,  0.22348166E+00,  0.74062312E+00,  0.48713716E-01
     4098., -0.82623877E-02, -0.56332006E-02,  0.35499777E+00,  0.22302539E+00,  0.73947281E+00,  0.67774489E-01
     4099., -0.62348980E-02, -0.78183148E-02,  0.35499777E+00,  0.22329638E+00,  0.73826534E+00,  0.80813202E-01
     4100., -0.36534102E-02, -0.93087375E-02,  0.35499777E+00,  0.22420048E+00,  0.73742036E+00,  0.86671312E-01
     4101., -0.74730094E-03, -0.99720380E-02,  0.35499777E+00,  0.22542348E+00,  0.73723150E+00,  0.84828296E-01
     4102.,  0.22252093E-02, -0.97492791E-02,  0.35499777E+00,  0.22654037E+00,  0.73776439E+00,  0.75447913E-01
     4103.,  0.50000000E-02, -0.86602540E-02,  0.35499777E+00,  0.22716299E+00,  0.73883384E+00,  0.59363646E-01
     4104.,  0.73305187E-02, -0.68017274E-02,  0.35499777E+00,  0.22707498E+00,  0.74006820E+00,  0.38004661E-01
     4105.,  0.90096887E-02, -0.43388374E-02,  0.35499777E+00,  0.22630691E+00,  0.74103851E+00,  0.13268802E-01
     4106.,  0.98883083E-02, -0.14904227E-02,  0.35499777E+00,  0.22512572E+00,  0.74140754E+00, -0.12646052E-01
     4107.,  0.98883083E-02,  0.14904227E-02,  0.35499777E+00,  0.22394189E+00,  0.74104706E+00, -0.37437259E-01
     4108.,  0.90096887E-02,  0.43388374E-02,  0.35499777E+00,  0.22316684E+00,  0.74008235E+00, -0.58901991E-01
     4109.,  0.73305187E-02,  0.68017274E-02,  0.35499777E+00,  0.22306989E+00,  0.73884865E+00, -0.75133021E-01
     4110.,  0.50000000E-02,  0.86602540E-02,  0.35499777E+00,  0.22368476E+00,  0.73777471E+00, -0.84688157E-01
     4111.,  0.22252093E-02,  0.97492791E-02,  0.35499777E+00,  0.22479776E+00,  0.73723376E+00, -0.86718380E-01
     4112., -0.74730094E-03,  0.99720380E-02,  0.35499777E+00,  0.22602210E+00,  0.73741377E+00, -0.81043294E-01
     4113., -0.36534102E-02,  0.93087375E-02,  0.35499777E+00,  0.22693229E+00,  0.73825219E+00, -0.68167155E-01
     4114., -0.62348980E-02,  0.78183148E-02,  0.35499777E+00,  0.22721202E+00,  0.73945766E+00, -0.49234058E-01
     4115., -0.82623877E-02,  0.56332006E-02,  0.35499777E+00,  0.22676408E+00,  0.74061124E+00, -0.25926308E-01
     4116., -0.95557281E-02,  0.29475517E-02,  0.35499777E+00,  0.22574413E+00,  0.74131205E+00, -0.31489550E-03
     4117., -0.95557281E-02, -0.29475517E-02,  0.36750682E+00,  0.25701079E+00,  0.85177177E+00,  0.37016931E-01
     4118., -0.82623877E-02, -0.56332006E-02,  0.36750682E+00,  0.25648389E+00,  0.85044341E+00,  0.51501007E-01
     4119., -0.62348980E-02, -0.78183148E-02,  0.36750682E+00,  0.25679683E+00,  0.84904907E+00,  0.61408995E-01
     4120., -0.36534102E-02, -0.93087375E-02,  0.36750682E+00,  0.25784085E+00,  0.84807330E+00,  0.65860526E-01
     4121., -0.74730094E-03, -0.99720380E-02,  0.36750682E+00,  0.25925314E+00,  0.84785521E+00,  0.64460060E-01
     4122.,  0.22252093E-02, -0.97492791E-02,  0.36750682E+00,  0.26054289E+00,  0.84847058E+00,  0.57332036E-01
     4123.,  0.50000000E-02, -0.86602540E-02,  0.36750682E+00,  0.26126188E+00,  0.84970555E+00,  0.45109805E-01
     4124.,  0.73305187E-02, -0.68017274E-02,  0.36750682E+00,  0.26116025E+00,  0.85113096E+00,  0.28879371E-01
     4125.,  0.90096887E-02, -0.43388374E-02,  0.36750682E+00,  0.26027331E+00,  0.85225144E+00,  0.10082883E-01
     4126.,  0.98883083E-02, -0.14904227E-02,  0.36750682E+00,  0.25890931E+00,  0.85267759E+00, -0.96095146E-02
     4127.,  0.98883083E-02,  0.14904227E-02,  0.36750682E+00,  0.25754226E+00,  0.85226133E+00, -0.28448073E-01
     4128.,  0.90096887E-02,  0.43388374E-02,  0.36750682E+00,  0.25664724E+00,  0.85114730E+00, -0.44758889E-01
     4129.,  0.73305187E-02,  0.68017274E-02,  0.36750682E+00,  0.25653529E+00,  0.84972266E+00, -0.57092678E-01
     4130.,  0.50000000E-02,  0.86602540E-02,  0.36750682E+00,  0.25724532E+00,  0.84848250E+00, -0.64353536E-01
     4131.,  0.22252093E-02,  0.97492791E-02,  0.36750682E+00,  0.25853058E+00,  0.84785782E+00, -0.65896301E-01
     4132., -0.74730094E-03,  0.99720380E-02,  0.36750682E+00,  0.25994442E+00,  0.84806569E+00, -0.61583890E-01
     4133., -0.36534102E-02,  0.93087375E-02,  0.36750682E+00,  0.26099549E+00,  0.84903387E+00, -0.51799479E-01
     4134., -0.62348980E-02,  0.78183148E-02,  0.36750682E+00,  0.26131851E+00,  0.85042591E+00, -0.37412452E-01
     4135., -0.82623877E-02,  0.56332006E-02,  0.36750682E+00,  0.26080124E+00,  0.85175804E+00, -0.19701171E-01
     4136., -0.95557281E-02,  0.29475517E-02,  0.36750682E+00,  0.25962344E+00,  0.85256732E+00, -0.23935756E-03
     4137., -0.95557281E-02, -0.29475517E-02,  0.37955586E+00,  0.28013747E+00,  0.92843791E+00,  0.24384728E-01
     4138., -0.82623877E-02, -0.56332006E-02,  0.37955586E+00,  0.27956180E+00,  0.92698658E+00,  0.33926096E-01
     4139., -0.62348980E-02, -0.78183148E-02,  0.37955586E+00,  0.27990371E+00,  0.92546314E+00,  0.40452982E-01
     4140., -0.36534102E-02, -0.93087375E-02,  0.37955586E+00,  0.28104439E+00,  0.92439703E+00,  0.43385446E-01
     4141., -0.74730094E-03, -0.99720380E-02,  0.37955586E+00,  0.28258743E+00,  0.92415875E+00,  0.42462922E-01
     4142.,  0.22252093E-02, -0.97492791E-02,  0.37955586E+00,  0.28399659E+00,  0.92483109E+00,  0.37767381E-01
     4143.,  0.50000000E-02, -0.86602540E-02,  0.37955586E+00,  0.28478214E+00,  0.92618040E+00,  0.29716041E-01
     4144.,  0.73305187E-02, -0.68017274E-02,  0.37955586E+00,  0.28467110E+00,  0.92773778E+00,  0.19024300E-01
     4145.,  0.90096887E-02, -0.43388374E-02,  0.37955586E+00,  0.28370205E+00,  0.92896200E+00,  0.66421694E-02
     4146.,  0.98883083E-02, -0.14904227E-02,  0.37955586E+00,  0.28221176E+00,  0.92942760E+00, -0.63301480E-02
     4147.,  0.98883083E-02,  0.14904227E-02,  0.37955586E+00,  0.28071815E+00,  0.92897280E+00, -0.18740010E-01
     4148.,  0.90096887E-02,  0.43388374E-02,  0.37955586E+00,  0.27974027E+00,  0.92775563E+00, -0.29484734E-01
     4149.,  0.73305187E-02,  0.68017274E-02,  0.37955586E+00,  0.27961796E+00,  0.92619910E+00, -0.37609609E-01
     4150.,  0.50000000E-02,  0.86602540E-02,  0.37955586E+00,  0.28039373E+00,  0.92484413E+00, -0.42392706E-01
     4151.,  0.22252093E-02,  0.97492791E-02,  0.37955586E+00,  0.28179798E+00,  0.92416161E+00, -0.43409026E-01
     4152., -0.74730094E-03,  0.99720380E-02,  0.37955586E+00,  0.28334271E+00,  0.92438873E+00, -0.40568264E-01
     4153., -0.36534102E-02,  0.93087375E-02,  0.37955586E+00,  0.28449108E+00,  0.92544655E+00, -0.34122834E-01
     4154., -0.62348980E-02,  0.78183148E-02,  0.37955586E+00,  0.28484401E+00,  0.92696746E+00, -0.24645437E-01
     4155., -0.82623877E-02,  0.56332006E-02,  0.37955586E+00,  0.28427885E+00,  0.92842292E+00, -0.12978189E-01
     4156., -0.95557281E-02,  0.29475517E-02,  0.37955586E+00,  0.28299200E+00,  0.92930712E+00, -0.15777344E-03
     4157., -0.95557281E-02, -0.29475517E-02,  0.39116181E+00,  0.29310943E+00,  0.97144227E+00,  0.11378452E-01
     4158., -0.82623877E-02, -0.56332006E-02,  0.39116181E+00,  0.29250631E+00,  0.96992176E+00,  0.15830739E-01
     4159., -0.62348980E-02, -0.78183148E-02,  0.39116181E+00,  0.29286451E+00,  0.96832570E+00,  0.18876395E-01
     4160., -0.36534102E-02, -0.93087375E-02,  0.39116181E+00,  0.29405956E+00,  0.96720877E+00,  0.20244803E-01
     4161., -0.74730094E-03, -0.99720380E-02,  0.39116181E+00,  0.29567616E+00,  0.96695913E+00,  0.19814370E-01
     4162.,  0.22252093E-02, -0.97492791E-02,  0.39116181E+00,  0.29715249E+00,  0.96766352E+00,  0.17623343E-01
     4163.,  0.50000000E-02, -0.86602540E-02,  0.39116181E+00,  0.29797549E+00,  0.96907714E+00,  0.13866404E-01
     4164.,  0.73305187E-02, -0.68017274E-02,  0.39116181E+00,  0.29785915E+00,  0.97070876E+00,  0.88773735E-02
     4165.,  0.90096887E-02, -0.43388374E-02,  0.39116181E+00,  0.29684391E+00,  0.97199133E+00,  0.30995524E-02
     4166.,  0.98883083E-02, -0.14904227E-02,  0.39116181E+00,  0.29528258E+00,  0.97247913E+00, -0.29536802E-02
     4167.,  0.98883083E-02,  0.14904227E-02,  0.39116181E+00,  0.29371777E+00,  0.97200265E+00, -0.87444676E-02
     4168.,  0.90096887E-02,  0.43388374E-02,  0.39116181E+00,  0.29269328E+00,  0.97072746E+00, -0.13758268E-01
     4169.,  0.73305187E-02,  0.68017274E-02,  0.39116181E+00,  0.29256514E+00,  0.96909673E+00, -0.17549586E-01
     4170.,  0.50000000E-02,  0.86602540E-02,  0.39116181E+00,  0.29337788E+00,  0.96767717E+00, -0.19781547E-01
     4171.,  0.22252093E-02,  0.97492791E-02,  0.39116181E+00,  0.29484907E+00,  0.96696212E+00, -0.20255831E-01
     4172., -0.74730094E-03,  0.99720380E-02,  0.39116181E+00,  0.29646743E+00,  0.96720007E+00, -0.18930297E-01
     4173., -0.36534102E-02,  0.93087375E-02,  0.39116181E+00,  0.29767055E+00,  0.96830831E+00, -0.15922721E-01
     4174., -0.62348980E-02,  0.78183148E-02,  0.39116181E+00,  0.29804030E+00,  0.96990172E+00, -0.11500341E-01
     4175., -0.82623877E-02,  0.56332006E-02,  0.39116181E+00,  0.29744821E+00,  0.97142656E+00, -0.60561072E-02
     4176., -0.95557281E-02,  0.29475517E-02,  0.39116181E+00,  0.29610002E+00,  0.97235291E+00, -0.73763839E-04
     4177., -0.95557281E-02, -0.29475517E-02,  0.40234095E+00,  0.29655277E+00,  0.98286016E+00, -0.15174914E-02
     4178., -0.82623877E-02, -0.56332006E-02,  0.40234095E+00,  0.29594225E+00,  0.98132099E+00, -0.21111204E-02
     4179., -0.62348980E-02, -0.78183148E-02,  0.40234095E+00,  0.29630485E+00,  0.97970535E+00, -0.25171664E-02
     4180., -0.36534102E-02, -0.93087375E-02,  0.40234095E+00,  0.29751457E+00,  0.97857471E+00, -0.26995511E-02
     4181., -0.74730094E-03, -0.99720380E-02,  0.40234095E+00,  0.29915100E+00,  0.97832201E+00, -0.26420689E-02
     4182.,  0.22252093E-02, -0.97492791E-02,  0.40234095E+00,  0.30064544E+00,  0.97903504E+00, -0.23498265E-02
     4183.,  0.50000000E-02, -0.86602540E-02,  0.40234095E+00,  0.30147854E+00,  0.98046601E+00, -0.18487922E-02
     4184.,  0.73305187E-02, -0.68017274E-02,  0.40234095E+00,  0.30136077E+00,  0.98211764E+00, -0.11834842E-02
     4185.,  0.90096887E-02, -0.43388374E-02,  0.40234095E+00,  0.30033308E+00,  0.98341595E+00, -0.41301926E-03
     4186.,  0.98883083E-02, -0.14904227E-02,  0.40234095E+00,  0.29875259E+00,  0.98390974E+00,  0.39414548E-03
     4187.,  0.98883083E-02,  0.14904227E-02,  0.40234095E+00,  0.29716858E+00,  0.98342740E+00,  0.11662886E-02
     4188.,  0.90096887E-02,  0.43388374E-02,  0.40234095E+00,  0.29613152E+00,  0.98213657E+00,  0.18348013E-02
     4189.,  0.73305187E-02,  0.68017274E-02,  0.40234095E+00,  0.29600181E+00,  0.98048583E+00,  0.23402841E-02
     4190.,  0.50000000E-02,  0.86602540E-02,  0.40234095E+00,  0.29682452E+00,  0.97904886E+00,  0.26378224E-02
     4191.,  0.22252093E-02,  0.97492791E-02,  0.40234095E+00,  0.29831376E+00,  0.97832504E+00,  0.27009788E-02
     4192., -0.74730094E-03,  0.99720380E-02,  0.40234095E+00,  0.29995198E+00,  0.97856590E+00,  0.25241415E-02
     4193., -0.36534102E-02,  0.93087375E-02,  0.40234095E+00,  0.30116986E+00,  0.97968774E+00,  0.21230230E-02
     4194., -0.62348980E-02,  0.78183148E-02,  0.40234095E+00,  0.30154415E+00,  0.98130071E+00,  0.15332651E-02
     4195., -0.82623877E-02,  0.56332006E-02,  0.40234095E+00,  0.30094478E+00,  0.98284426E+00,  0.80726954E-03
     4196., -0.95557281E-02,  0.29475517E-02,  0.40234095E+00,  0.29958006E+00,  0.98378197E+00,  0.95461182E-05
     4197., -0.95557281E-02, -0.29475517E-02,  0.41310900E+00,  0.29136216E+00,  0.96565697E+00, -0.13902623E-01
     4198., -0.82623877E-02, -0.56332006E-02,  0.41310900E+00,  0.29076241E+00,  0.96414496E+00, -0.19342294E-01
     4199., -0.62348980E-02, -0.78183148E-02,  0.41310900E+00,  0.29111862E+00,  0.96255783E+00, -0.23063319E-01
     4200., -0.36534102E-02, -0.93087375E-02,  0.41310900E+00,  0.29230699E+00,  0.96144715E+00, -0.24735068E-01
     4201., -0.74730094E-03, -0.99720380E-02,  0.41310900E+00,  0.29391454E+00,  0.96119890E+00, -0.24208997E-01
     4202.,  0.22252093E-02, -0.97492791E-02,  0.41310900E+00,  0.29538261E+00,  0.96189935E+00, -0.21531851E-01
     4203.,  0.50000000E-02, -0.86602540E-02,  0.41310900E+00,  0.29620101E+00,  0.96330507E+00, -0.16941503E-01
     4204.,  0.73305187E-02, -0.68017274E-02,  0.41310900E+00,  0.29608532E+00,  0.96492755E+00, -0.10845829E-01
     4205.,  0.90096887E-02, -0.43388374E-02,  0.41310900E+00,  0.29507576E+00,  0.96620295E+00, -0.37864581E-02
     4206.,  0.98883083E-02, -0.14904227E-02,  0.41310900E+00,  0.29352317E+00,  0.96668802E+00,  0.36093567E-02
     4207.,  0.98883083E-02,  0.14904227E-02,  0.41310900E+00,  0.29196711E+00,  0.96621420E+00,  0.10684468E-01
     4208.,  0.90096887E-02,  0.43388374E-02,  0.41310900E+00,  0.29094835E+00,  0.96494615E+00,  0.16810214E-01
     4209.,  0.73305187E-02,  0.68017274E-02,  0.41310900E+00,  0.29082092E+00,  0.96332454E+00,  0.21442298E-01
     4210.,  0.50000000E-02,  0.86602540E-02,  0.41310900E+00,  0.29162912E+00,  0.96191292E+00,  0.24169141E-01
     4211.,  0.22252093E-02,  0.97492791E-02,  0.41310900E+00,  0.29309208E+00,  0.96120188E+00,  0.24748450E-01
     4212., -0.74730094E-03,  0.99720380E-02,  0.41310900E+00,  0.29470139E+00,  0.96143849E+00,  0.23128751E-01
     4213., -0.36534102E-02,  0.93087375E-02,  0.41310900E+00,  0.29589777E+00,  0.96254054E+00,  0.19453960E-01
     4214., -0.62348980E-02,  0.78183148E-02,  0.41310900E+00,  0.29626546E+00,  0.96412504E+00,  0.14050598E-01
     4215., -0.82623877E-02,  0.56332006E-02,  0.41310900E+00,  0.29567667E+00,  0.96564135E+00,  0.73987808E-02
     4216., -0.95557281E-02,  0.29475517E-02,  0.41310900E+00,  0.29433602E+00,  0.96656251E+00,  0.89549861E-04
     4217., -0.95557281E-02, -0.29475517E-02,  0.42348105E+00,  0.27860342E+00,  0.92336562E+00, -0.25460974E-01
     4218., -0.82623877E-02, -0.56332006E-02,  0.42348105E+00,  0.27803039E+00,  0.92192096E+00, -0.35423190E-01
     4219., -0.62348980E-02, -0.78183148E-02,  0.42348105E+00,  0.27837073E+00,  0.92040453E+00, -0.42237901E-01
     4220., -0.36534102E-02, -0.93087375E-02,  0.42348105E+00,  0.27950616E+00,  0.91934333E+00, -0.45299591E-01
     4221., -0.74730094E-03, -0.99720380E-02,  0.42348105E+00,  0.28104210E+00,  0.91910614E+00, -0.44336215E-01
     4222.,  0.22252093E-02, -0.97492791E-02,  0.42348105E+00,  0.28244478E+00,  0.91977538E+00, -0.39433370E-01
     4223.,  0.50000000E-02, -0.86602540E-02,  0.42348105E+00,  0.28322672E+00,  0.92111848E+00, -0.31026696E-01
     4224.,  0.73305187E-02, -0.68017274E-02,  0.42348105E+00,  0.28311619E+00,  0.92266869E+00, -0.19863165E-01
     4225.,  0.90096887E-02, -0.43388374E-02,  0.42348105E+00,  0.28215160E+00,  0.92388728E+00, -0.69347082E-02
     4226.,  0.98883083E-02, -0.14904227E-02,  0.42348105E+00,  0.28066817E+00,  0.92435074E+00,  0.66099290E-02
     4227.,  0.98883083E-02,  0.14904227E-02,  0.42348105E+00,  0.27918142E+00,  0.92389803E+00,  0.19567252E-01
     4228.,  0.90096887E-02,  0.43388374E-02,  0.42348105E+00,  0.27820804E+00,  0.92268646E+00,  0.30785932E-01
     4229.,  0.73305187E-02,  0.68017274E-02,  0.42348105E+00,  0.27808629E+00,  0.92113709E+00,  0.39269146E-01
     4230.,  0.50000000E-02,  0.86602540E-02,  0.42348105E+00,  0.27885849E+00,  0.91978835E+00,  0.44263126E-01
     4231.,  0.22252093E-02,  0.97492791E-02,  0.42348105E+00,  0.28025628E+00,  0.91910897E+00,  0.45324134E-01
     4232., -0.74730094E-03,  0.99720380E-02,  0.42348105E+00,  0.28179390E+00,  0.91933505E+00,  0.42357893E-01
     4233., -0.36534102E-02,  0.93087375E-02,  0.42348105E+00,  0.28293699E+00,  0.92038801E+00,  0.35627966E-01
     4234., -0.62348980E-02,  0.78183148E-02,  0.42348105E+00,  0.28328830E+00,  0.92190193E+00,  0.25732335E-01
     4235., -0.82623877E-02,  0.56332006E-02,  0.42348105E+00,  0.28272574E+00,  0.92335069E+00,  0.13550278E-01
     4236., -0.95557281E-02,  0.29475517E-02,  0.42348105E+00,  0.28144482E+00,  0.92423082E+00,  0.16422018E-03
     4237., -0.95557281E-02, -0.29475517E-02,  0.43347169E+00,  0.25943138E+00,  0.85981416E+00, -0.35957157E-01
     4238., -0.82623877E-02, -0.56332006E-02,  0.43347169E+00,  0.25889859E+00,  0.85847095E+00, -0.50026317E-01
     4239., -0.62348980E-02, -0.78183148E-02,  0.43347169E+00,  0.25921502E+00,  0.85706100E+00, -0.59650421E-01
     4240., -0.36534102E-02, -0.93087375E-02,  0.43347169E+00,  0.26027072E+00,  0.85607431E+00, -0.63974326E-01
     4241., -0.74730094E-03, -0.99720380E-02,  0.43347169E+00,  0.26169881E+00,  0.85585377E+00, -0.62613832E-01
     4242.,  0.22252093E-02, -0.97492791E-02,  0.43347169E+00,  0.26300299E+00,  0.85647602E+00, -0.55689825E-01
     4243.,  0.50000000E-02, -0.86602540E-02,  0.43347169E+00,  0.26373003E+00,  0.85772482E+00, -0.43817527E-01
     4244.,  0.73305187E-02, -0.68017274E-02,  0.43347169E+00,  0.26362726E+00,  0.85916617E+00, -0.28051851E-01
     4245.,  0.90096887E-02, -0.43388374E-02,  0.43347169E+00,  0.26273041E+00,  0.86029919E+00, -0.97936509E-02
     4246.,  0.98883083E-02, -0.14904227E-02,  0.43347169E+00,  0.26135114E+00,  0.86073011E+00,  0.93347614E-02
     4247.,  0.98883083E-02,  0.14904227E-02,  0.43347169E+00,  0.25996880E+00,  0.86030919E+00,  0.27633748E-01
     4248.,  0.90096887E-02,  0.43388374E-02,  0.43347169E+00,  0.25906377E+00,  0.85918270E+00,  0.43477346E-01
     4249.,  0.73305187E-02,  0.68017274E-02,  0.43347169E+00,  0.25895057E+00,  0.85774212E+00,  0.55457789E-01
     4250.,  0.50000000E-02,  0.86602540E-02,  0.43347169E+00,  0.25966854E+00,  0.85648809E+00,  0.62510567E-01
     4251.,  0.22252093E-02,  0.97492791E-02,  0.43347169E+00,  0.26096818E+00,  0.85585642E+00,  0.64009009E-01
     4252., -0.74730094E-03,  0.99720380E-02,  0.43347169E+00,  0.26239783E+00,  0.85606661E+00,  0.59819968E-01
     4253., -0.36534102E-02,  0.93087375E-02,  0.43347169E+00,  0.26346066E+00,  0.85704563E+00,  0.50315659E-01
     4254., -0.62348980E-02,  0.78183148E-02,  0.43347169E+00,  0.26378730E+00,  0.85845324E+00,  0.36340579E-01
     4255., -0.82623877E-02,  0.56332006E-02,  0.43347169E+00,  0.26326424E+00,  0.85980028E+00,  0.19136488E-01
     4256., -0.95557281E-02,  0.29475517E-02,  0.43347169E+00,  0.26207326E+00,  0.86061861E+00,  0.23203657E-03
     4257., -0.95557281E-02, -0.29475517E-02,  0.44309492E+00,  0.23502347E+00,  0.77890569E+00, -0.45229328E-01
     4258., -0.82623877E-02, -0.56332006E-02,  0.44309492E+00,  0.23454196E+00,  0.77769177E+00, -0.62926504E-01
     4259., -0.62348980E-02, -0.78183148E-02,  0.44309492E+00,  0.23482794E+00,  0.77641754E+00, -0.75032385E-01
     4260., -0.36534102E-02, -0.93087375E-02,  0.44309492E+00,  0.23578202E+00,  0.77552583E+00, -0.80471313E-01
     4261., -0.74730094E-03, -0.99720380E-02,  0.44309492E+00,  0.23707265E+00,  0.77532652E+00, -0.78760012E-01
     4262.,  0.22252093E-02, -0.97492791E-02,  0.44309492E+00,  0.23825129E+00,  0.77588888E+00, -0.70050538E-01
     4263.,  0.50000000E-02, -0.86602540E-02,  0.44309492E+00,  0.23890835E+00,  0.77701746E+00, -0.55116762E-01
     4264.,  0.73305187E-02, -0.68017274E-02,  0.44309492E+00,  0.23881547E+00,  0.77832008E+00, -0.35285620E-01
     4265.,  0.90096887E-02, -0.43388374E-02,  0.44309492E+00,  0.23800495E+00,  0.77934403E+00, -0.12319204E-01
     4266.,  0.98883083E-02, -0.14904227E-02,  0.44309492E+00,  0.23675845E+00,  0.77973348E+00,  0.11741830E-01
     4267.,  0.98883083E-02,  0.14904227E-02,  0.44309492E+00,  0.23550917E+00,  0.77935307E+00,  0.34759562E-01
     4268.,  0.90096887E-02,  0.43388374E-02,  0.44309492E+00,  0.23469125E+00,  0.77833501E+00,  0.54688745E-01
     4269.,  0.73305187E-02,  0.68017274E-02,  0.44309492E+00,  0.23458895E+00,  0.77703310E+00,  0.69758590E-01
     4270.,  0.50000000E-02,  0.86602540E-02,  0.44309492E+00,  0.23523781E+00,  0.77589978E+00,  0.78630081E-01
     4271.,  0.22252093E-02,  0.97492791E-02,  0.44309492E+00,  0.23641235E+00,  0.77532891E+00,  0.80514946E-01
     4272., -0.74730094E-03,  0.99720380E-02,  0.44309492E+00,  0.23770439E+00,  0.77551887E+00,  0.75245705E-01
     4273., -0.36534102E-02,  0.93087375E-02,  0.44309492E+00,  0.23866491E+00,  0.77640365E+00,  0.63290551E-01
     4274., -0.62348980E-02,  0.78183148E-02,  0.44309492E+00,  0.23896011E+00,  0.77767577E+00,  0.45711749E-01
     4275., -0.82623877E-02,  0.56332006E-02,  0.44309492E+00,  0.23848740E+00,  0.77889315E+00,  0.24071265E-01
     4276., -0.95557281E-02,  0.29475517E-02,  0.44309492E+00,  0.23741106E+00,  0.77963271E+00,  0.29194681E-03
     4277., -0.95557281E-02, -0.29475517E-02,  0.45236427E+00,  0.20652860E+00,  0.68444864E+00, -0.53180324E-01
     4278., -0.82623877E-02, -0.56332006E-02,  0.45236427E+00,  0.20610700E+00,  0.68338578E+00, -0.73988564E-01
     4279., -0.62348980E-02, -0.78183148E-02,  0.45236427E+00,  0.20635739E+00,  0.68227011E+00, -0.88222596E-01
     4280., -0.36534102E-02, -0.93087375E-02,  0.45236427E+00,  0.20719275E+00,  0.68148936E+00, -0.94617669E-01
     4281., -0.74730094E-03, -0.99720380E-02,  0.45236427E+00,  0.20832277E+00,  0.68131485E+00, -0.92605545E-01
     4282.,  0.22252093E-02, -0.97492791E-02,  0.45236427E+00,  0.20935475E+00,  0.68180723E+00, -0.82365013E-01
     4283.,  0.50000000E-02, -0.86602540E-02,  0.45236427E+00,  0.20993004E+00,  0.68279538E+00, -0.64805983E-01
     4284.,  0.73305187E-02, -0.68017274E-02,  0.45236427E+00,  0.20984872E+00,  0.68393590E+00, -0.41488659E-01
     4285.,  0.90096887E-02, -0.43388374E-02,  0.45236427E+00,  0.20913906E+00,  0.68483243E+00, -0.14484895E-01
     4286.,  0.98883083E-02, -0.14904227E-02,  0.45236427E+00,  0.20804767E+00,  0.68517341E+00,  0.13805921E-01
     4287.,  0.98883083E-02,  0.14904227E-02,  0.45236427E+00,  0.20695385E+00,  0.68484035E+00,  0.40870031E-01
     4288.,  0.90096887E-02,  0.43388374E-02,  0.45236427E+00,  0.20623771E+00,  0.68394898E+00,  0.64302649E-01
     4289.,  0.73305187E-02,  0.68017274E-02,  0.45236427E+00,  0.20614814E+00,  0.68280907E+00,  0.82021693E-01
     4290.,  0.50000000E-02,  0.86602540E-02,  0.45236427E+00,  0.20671626E+00,  0.68181678E+00,  0.92452753E-01
     4291.,  0.22252093E-02,  0.97492791E-02,  0.45236427E+00,  0.20774464E+00,  0.68131695E+00,  0.94668982E-01
     4292., -0.74730094E-03,  0.99720380E-02,  0.45236427E+00,  0.20887590E+00,  0.68148327E+00,  0.88473457E-01
     4293., -0.36534102E-02,  0.93087375E-02,  0.45236427E+00,  0.20971690E+00,  0.68225795E+00,  0.74416674E-01
     4294., -0.62348980E-02,  0.78183148E-02,  0.45236427E+00,  0.20997537E+00,  0.68337177E+00,  0.53747636E-01
     4295., -0.82623877E-02,  0.56332006E-02,  0.45236427E+00,  0.20956148E+00,  0.68443766E+00,  0.28302896E-01
     4296., -0.95557281E-02,  0.29475517E-02,  0.45236427E+00,  0.20861908E+00,  0.68508519E+00,  0.34332084E-03
     4297., -0.95557281E-02, -0.29475517E-02,  0.46129275E+00,  0.17502965E+00,  0.58003275E+00, -0.59767958E-01
     4298., -0.82623877E-02, -0.56332006E-02,  0.46129275E+00,  0.17467433E+00,  0.57913696E+00, -0.83153810E-01
     4299., -0.62348980E-02, -0.78183148E-02,  0.46129275E+00,  0.17488535E+00,  0.57819667E+00, -0.99151083E-01
     4300., -0.36534102E-02, -0.93087375E-02,  0.46129275E+00,  0.17558939E+00,  0.57753865E+00, -0.10633835E+00
     4301., -0.74730094E-03, -0.99720380E-02,  0.46129275E+00,  0.17654178E+00,  0.57739157E+00, -0.10407699E+00
     4302.,  0.22252093E-02, -0.97492791E-02,  0.46129275E+00,  0.17741153E+00,  0.57780654E+00, -0.92567934E-01
     4303.,  0.50000000E-02, -0.86602540E-02,  0.46129275E+00,  0.17789639E+00,  0.57863935E+00, -0.72833803E-01
     4304.,  0.73305187E-02, -0.68017274E-02,  0.46129275E+00,  0.17782786E+00,  0.57960059E+00, -0.46628071E-01
     4305.,  0.90096887E-02, -0.43388374E-02,  0.46129275E+00,  0.17722975E+00,  0.58035619E+00, -0.16279241E-01
     4306.,  0.98883083E-02, -0.14904227E-02,  0.46129275E+00,  0.17630992E+00,  0.58064358E+00,  0.15516076E-01
     4307.,  0.98883083E-02,  0.14904227E-02,  0.46129275E+00,  0.17538804E+00,  0.58036287E+00,  0.45932736E-01
     4308.,  0.90096887E-02,  0.43388374E-02,  0.46129275E+00,  0.17478448E+00,  0.57961162E+00,  0.72268058E-01
     4309.,  0.73305187E-02,  0.68017274E-02,  0.46129275E+00,  0.17470899E+00,  0.57865091E+00,  0.92182042E-01
     4310.,  0.50000000E-02,  0.86602540E-02,  0.46129275E+00,  0.17518780E+00,  0.57781460E+00,  0.10390525E+00
     4311.,  0.22252093E-02,  0.97492791E-02,  0.46129275E+00,  0.17605453E+00,  0.57739334E+00,  0.10639603E+00
     4312., -0.74730094E-03,  0.99720380E-02,  0.46129275E+00,  0.17700796E+00,  0.57753352E+00,  0.99433048E-01
     4313., -0.36534102E-02,  0.93087375E-02,  0.46129275E+00,  0.17771676E+00,  0.57818643E+00,  0.83635004E-01
     4314., -0.62348980E-02,  0.78183148E-02,  0.46129275E+00,  0.17793459E+00,  0.57912516E+00,  0.60405615E-01
     4315., -0.82623877E-02,  0.56332006E-02,  0.46129275E+00,  0.17758577E+00,  0.58002349E+00,  0.31808933E-01
     4316., -0.95557281E-02,  0.29475517E-02,  0.46129275E+00,  0.17679151E+00,  0.58056923E+00,  0.38589186E-03
     4317., -0.95557281E-02, -0.29475517E-02,  0.46989289E+00,  0.14151810E+00,  0.46894474E+00, -0.64995278E-01
     4318., -0.82623877E-02, -0.56332006E-02,  0.46989289E+00,  0.14123332E+00,  0.46822679E+00, -0.90426481E-01
     4319., -0.62348980E-02, -0.78183148E-02,  0.46989289E+00,  0.14140245E+00,  0.46747316E+00, -0.10782290E+00
     4320., -0.36534102E-02, -0.93087375E-02,  0.46989289E+00,  0.14196672E+00,  0.46694577E+00, -0.11563878E+00
     4321., -0.74730094E-03, -0.99720380E-02,  0.46989289E+00,  0.14273003E+00,  0.46682789E+00, -0.11317965E+00
     4322.,  0.22252093E-02, -0.97492791E-02,  0.46989289E+00,  0.14342712E+00,  0.46716048E+00, -0.10066401E+00
     4323.,  0.50000000E-02, -0.86602540E-02,  0.46989289E+00,  0.14381572E+00,  0.46782796E+00, -0.79203928E-01
     4324.,  0.73305187E-02, -0.68017274E-02,  0.46989289E+00,  0.14376079E+00,  0.46859836E+00, -0.50706230E-01
     4325.,  0.90096887E-02, -0.43388374E-02,  0.46989289E+00,  0.14328142E+00,  0.46920396E+00, -0.17703070E-01
     4326.,  0.98883083E-02, -0.14904227E-02,  0.46989289E+00,  0.14254421E+00,  0.46943429E+00,  0.16873089E-01
     4327.,  0.98883083E-02,  0.14904227E-02,  0.46989289E+00,  0.14180534E+00,  0.46920931E+00,  0.49950015E-01
     4328.,  0.90096887E-02,  0.43388374E-02,  0.46989289E+00,  0.14132160E+00,  0.46860720E+00,  0.78588648E-01
     4329.,  0.73305187E-02,  0.68017274E-02,  0.46989289E+00,  0.14126110E+00,  0.46783721E+00,  0.10024433E+00
     4330.,  0.50000000E-02,  0.86602540E-02,  0.46989289E+00,  0.14164486E+00,  0.46716694E+00,  0.11299287E+00
     4331.,  0.22252093E-02,  0.97492791E-02,  0.46989289E+00,  0.14233951E+00,  0.46682931E+00,  0.11570150E+00
     4332., -0.74730094E-03,  0.99720380E-02,  0.46989289E+00,  0.14310367E+00,  0.46694166E+00,  0.10812954E+00
     4333., -0.36534102E-02,  0.93087375E-02,  0.46989289E+00,  0.14367175E+00,  0.46746495E+00,  0.90949801E-01
     4334., -0.62348980E-02,  0.78183148E-02,  0.46989289E+00,  0.14384634E+00,  0.46821732E+00,  0.65688762E-01
     4335., -0.82623877E-02,  0.56332006E-02,  0.46989289E+00,  0.14356677E+00,  0.46893731E+00,  0.34590999E-01
     4336., -0.95557281E-02,  0.29475517E-02,  0.46989289E+00,  0.14293019E+00,  0.46937471E+00,  0.41967698E-03
     4337., -0.95557281E-02, -0.29475517E-02,  0.47817676E+00,  0.10687858E+00,  0.35411715E+00, -0.68901215E-01
     4338., -0.82623877E-02, -0.56332006E-02,  0.47817676E+00,  0.10666674E+00,  0.35358309E+00, -0.95860738E-01
     4339., -0.62348980E-02, -0.78183148E-02,  0.47817676E+00,  0.10679256E+00,  0.35302249E+00, -0.11430262E+00
     4340., -0.36534102E-02, -0.93087375E-02,  0.47817676E+00,  0.10721230E+00,  0.35263019E+00, -0.12258821E+00
     4341., -0.74730094E-03, -0.99720380E-02,  0.47817676E+00,  0.10778010E+00,  0.35254250E+00, -0.11998131E+00
     4342.,  0.22252093E-02, -0.97492791E-02,  0.47817676E+00,  0.10829864E+00,  0.35278990E+00, -0.10671354E+00
     4343.,  0.50000000E-02, -0.86602540E-02,  0.47817676E+00,  0.10858771E+00,  0.35328641E+00, -0.83963791E-01
     4344.,  0.73305187E-02, -0.68017274E-02,  0.47817676E+00,  0.10854685E+00,  0.35385948E+00, -0.53753497E-01
     4345.,  0.90096887E-02, -0.43388374E-02,  0.47817676E+00,  0.10819027E+00,  0.35430997E+00, -0.18766981E-01
     4346.,  0.98883083E-02, -0.14904227E-02,  0.47817676E+00,  0.10764188E+00,  0.35448130E+00,  0.17887070E-01
     4347.,  0.98883083E-02,  0.14904227E-02,  0.47817676E+00,  0.10709226E+00,  0.35431394E+00,  0.52951791E-01
     4348.,  0.90096887E-02,  0.43388374E-02,  0.47817676E+00,  0.10673242E+00,  0.35386605E+00,  0.83311499E-01
     4349.,  0.73305187E-02,  0.68017274E-02,  0.47817676E+00,  0.10668741E+00,  0.35329329E+00,  0.10626861E+00
     4350.,  0.50000000E-02,  0.86602540E-02,  0.47817676E+00,  0.10697288E+00,  0.35279469E+00,  0.11978330E+00
     4351.,  0.22252093E-02,  0.97492791E-02,  0.47817676E+00,  0.10748961E+00,  0.35254354E+00,  0.12265471E+00
     4352., -0.74730094E-03,  0.99720380E-02,  0.47817676E+00,  0.10805804E+00,  0.35262712E+00,  0.11462772E+00
     4353., -0.36534102E-02,  0.93087375E-02,  0.47817676E+00,  0.10848061E+00,  0.35301638E+00,  0.96415546E-01
     4354., -0.62348980E-02,  0.78183148E-02,  0.47817676E+00,  0.10861049E+00,  0.35357604E+00,  0.69636421E-01
     4355., -0.82623877E-02,  0.56332006E-02,  0.47817676E+00,  0.10840252E+00,  0.35411162E+00,  0.36669808E-01
     4356., -0.95557281E-02,  0.29475517E-02,  0.47817676E+00,  0.10792899E+00,  0.35443699E+00,  0.44492559E-03
     4357., -0.95557281E-02, -0.29475517E-02,  0.48615601E+00,  0.71881508E-01,  0.23810383E+00, -0.71552027E-01
     4358., -0.82623877E-02, -0.56332006E-02,  0.48615601E+00,  0.71743386E-01,  0.23775562E+00, -0.99548764E-01
     4359., -0.62348980E-02, -0.78183148E-02,  0.48615601E+00,  0.71825414E-01,  0.23739011E+00, -0.11870016E+00
     4360., -0.36534102E-02, -0.93087375E-02,  0.48615601E+00,  0.72099085E-01,  0.23713433E+00, -0.12730453E+00
     4361., -0.74730094E-03, -0.99720380E-02,  0.48615601E+00,  0.72469294E-01,  0.23707715E+00, -0.12459734E+00
     4362.,  0.22252093E-02, -0.97492791E-02,  0.48615601E+00,  0.72807385E-01,  0.23723845E+00, -0.11081912E+00
     4363.,  0.50000000E-02, -0.86602540E-02,  0.48615601E+00,  0.72995860E-01,  0.23756218E+00, -0.87194137E-01
     4364.,  0.73305187E-02, -0.68017274E-02,  0.48615601E+00,  0.72969223E-01,  0.23793582E+00, -0.55821571E-01
     4365.,  0.90096887E-02, -0.43388374E-02,  0.48615601E+00,  0.72736730E-01,  0.23822954E+00, -0.19489024E-01
     4366.,  0.98883083E-02, -0.14904227E-02,  0.48615601E+00,  0.72379179E-01,  0.23834125E+00,  0.18575213E-01
     4367.,  0.98883083E-02,  0.14904227E-02,  0.48615601E+00,  0.72020830E-01,  0.23823213E+00,  0.54988977E-01
     4368.,  0.90096887E-02,  0.43388374E-02,  0.48615601E+00,  0.71786215E-01,  0.23794011E+00,  0.86516715E-01
     4369.,  0.73305187E-02,  0.68017274E-02,  0.48615601E+00,  0.71756870E-01,  0.23756666E+00,  0.11035706E+00
     4370.,  0.50000000E-02,  0.86602540E-02,  0.48615601E+00,  0.71942993E-01,  0.23724158E+00,  0.12439170E+00
     4371.,  0.22252093E-02,  0.97492791E-02,  0.48615601E+00,  0.72279904E-01,  0.23707783E+00,  0.12737359E+00
     4372., -0.74730094E-03,  0.99720380E-02,  0.48615601E+00,  0.72650520E-01,  0.23713232E+00,  0.11903778E+00
     4373., -0.36534102E-02,  0.93087375E-02,  0.48615601E+00,  0.72926041E-01,  0.23738612E+00,  0.10012494E+00
     4374., -0.62348980E-02,  0.78183148E-02,  0.48615601E+00,  0.73010717E-01,  0.23775103E+00,  0.72315552E-01
     4375., -0.82623877E-02,  0.56332006E-02,  0.48615601E+00,  0.72875123E-01,  0.23810023E+00,  0.38080621E-01
     4376., -0.95557281E-02,  0.29475517E-02,  0.48615601E+00,  0.72566379E-01,  0.23831237E+00,  0.46206265E-03
     4377., -0.95557281E-02, -0.29475517E-02,  0.49384182E+00,  0.37181852E-01,  0.12307606E+00, -0.73033666E-01
     4378., -0.82623877E-02, -0.56332006E-02,  0.49384182E+00,  0.37116842E-01,  0.12291218E+00, -0.10161015E+00
     4379., -0.62348980E-02, -0.78183148E-02,  0.49384182E+00,  0.37155445E-01,  0.12274016E+00, -0.12115813E+00
     4380., -0.36534102E-02, -0.93087375E-02,  0.49384182E+00,  0.37284243E-01,  0.12261977E+00, -0.12994068E+00
     4381., -0.74730094E-03, -0.99720380E-02,  0.49384182E+00,  0.37458476E-01,  0.12259286E+00, -0.12717744E+00
     4382.,  0.22252093E-02, -0.97492791E-02,  0.49384182E+00,  0.37617595E-01,  0.12266877E+00, -0.11311392E+00
     4383.,  0.50000000E-02, -0.86602540E-02,  0.49384182E+00,  0.37706301E-01,  0.12282113E+00, -0.88999722E-01
     4384.,  0.73305187E-02, -0.68017274E-02,  0.49384182E+00,  0.37693768E-01,  0.12299698E+00, -0.56977513E-01
     4385.,  0.90096887E-02, -0.43388374E-02,  0.49384182E+00,  0.37584351E-01,  0.12313521E+00, -0.19892615E-01
     4386.,  0.98883083E-02, -0.14904227E-02,  0.49384182E+00,  0.37416077E-01,  0.12318779E+00,  0.18959836E-01
     4387.,  0.98883083E-02,  0.14904227E-02,  0.49384182E+00,  0.37247427E-01,  0.12313643E+00,  0.56127640E-01
     4388.,  0.90096887E-02,  0.43388374E-02,  0.49384182E+00,  0.37137010E-01,  0.12299900E+00,  0.88308241E-01
     4389.,  0.73305187E-02,  0.68017274E-02,  0.49384182E+00,  0.37123200E-01,  0.12282324E+00,  0.11264226E+00
     4390.,  0.50000000E-02,  0.86602540E-02,  0.49384182E+00,  0.37210797E-01,  0.12267024E+00,  0.12696753E+00
     4391.,  0.22252093E-02,  0.97492791E-02,  0.49384182E+00,  0.37369360E-01,  0.12259318E+00,  0.13001118E+00
     4392., -0.74730094E-03,  0.99720380E-02,  0.49384182E+00,  0.37543787E-01,  0.12261882E+00,  0.12150276E+00
     4393., -0.36534102E-02,  0.93087375E-02,  0.49384182E+00,  0.37673458E-01,  0.12273827E+00,  0.10219829E+00
     4394., -0.62348980E-02,  0.78183148E-02,  0.49384182E+00,  0.37713310E-01,  0.12291001E+00,  0.73813041E-01
     4395., -0.82623877E-02,  0.56332006E-02,  0.49384182E+00,  0.37649493E-01,  0.12307436E+00,  0.38869194E-01
     4396., -0.95557281E-02,  0.29475517E-02,  0.49384182E+00,  0.37504185E-01,  0.12317420E+00,  0.47165407E-03
     4397., -0.95557281E-02, -0.29475517E-02,  0.50124499E+00,  0.33226067E-02,  0.10833900E-01, -0.73445277E-01
     4398., -0.82623877E-02, -0.56332006E-02,  0.50124499E+00,  0.33289598E-02,  0.10849932E-01, -0.10218282E+00
     4399., -0.62348980E-02, -0.78183148E-02,  0.50124499E+00,  0.33251777E-02,  0.10866759E-01, -0.12184098E+00
     4400., -0.36534102E-02, -0.93087375E-02,  0.50124499E+00,  0.33125729E-02,  0.10878532E-01, -0.13067304E+00
     4401., -0.74730094E-03, -0.99720380E-02,  0.50124499E+00,  0.32955259E-02,  0.10881159E-01, -0.12789423E+00
     4402.,  0.22252093E-02, -0.97492791E-02,  0.50124499E+00,  0.32799607E-02,  0.10873727E-01, -0.11375145E+00
     4403.,  0.50000000E-02, -0.86602540E-02,  0.50124499E+00,  0.32712869E-02,  0.10858818E-01, -0.89501349E-01
     4404.,  0.73305187E-02, -0.68017274E-02,  0.50124499E+00,  0.32725182E-02,  0.10841611E-01, -0.57298662E-01
     4405.,  0.90096887E-02, -0.43388374E-02,  0.50124499E+00,  0.32832297E-02,  0.10828086E-01, -0.20004750E-01
     4406.,  0.98883083E-02, -0.14904227E-02,  0.50124499E+00,  0.32996987E-02,  0.10822944E-01,  0.19066677E-01
     4407.,  0.98883083E-02,  0.14904227E-02,  0.50124499E+00,  0.33162031E-02,  0.10827970E-01,  0.56443964E-01
     4408.,  0.90096887E-02,  0.43388374E-02,  0.50124499E+00,  0.33270094E-02,  0.10841419E-01,  0.88805942E-01
     4409.,  0.73305187E-02,  0.68017274E-02,  0.50124499E+00,  0.33283620E-02,  0.10858615E-01,  0.11327712E+00
     4410.,  0.50000000E-02,  0.86602540E-02,  0.50124499E+00,  0.33197933E-02,  0.10873585E-01,  0.12768313E+00
     4411.,  0.22252093E-02,  0.97492791E-02,  0.50124499E+00,  0.33042815E-02,  0.10881125E-01,  0.13074394E+00
     4412., -0.74730094E-03,  0.99720380E-02,  0.50124499E+00,  0.32872174E-02,  0.10878617E-01,  0.12218757E+00
     4413., -0.36534102E-02,  0.93087375E-02,  0.50124499E+00,  0.32745319E-02,  0.10866932E-01,  0.10277430E+00
     4414., -0.62348980E-02,  0.78183148E-02,  0.50124499E+00,  0.32706322E-02,  0.10850133E-01,  0.74229077E-01
     4415., -0.82623877E-02,  0.56332006E-02,  0.50124499E+00,  0.32768731E-02,  0.10834058E-01,  0.39088286E-01
     4416., -0.95557281E-02,  0.29475517E-02,  0.50124499E+00,  0.32910848E-02,  0.10824294E-01,  0.47433298E-03
     4417., -0.95557281E-02, -0.29475517E-02,  0.50837592E+00, -0.29258526E-01, -0.97171662E-01, -0.72893675E-01
     4418., -0.82623877E-02, -0.56332006E-02,  0.50837592E+00, -0.29183487E-01, -0.96982467E-01, -0.10141540E+00
     4419., -0.62348980E-02, -0.78183148E-02,  0.50837592E+00, -0.29228064E-01, -0.96783874E-01, -0.12092593E+00
     4420., -0.36534102E-02, -0.93087375E-02,  0.50837592E+00, -0.29376766E-01, -0.96644899E-01, -0.12969166E+00
     4421., -0.74730094E-03, -0.99720380E-02,  0.50837592E+00, -0.29577918E-01, -0.96613840E-01, -0.12693372E+00
     4422.,  0.22252093E-02, -0.97492791E-02,  0.50837592E+00, -0.29761615E-01, -0.96701491E-01, -0.11289716E+00
     4423.,  0.50000000E-02, -0.86602540E-02,  0.50837592E+00, -0.29864016E-01, -0.96877391E-01, -0.88829187E-01
     4424.,  0.73305187E-02, -0.68017274E-02,  0.50837592E+00, -0.29849536E-01, -0.97080413E-01, -0.56868351E-01
     4425.,  0.90096887E-02, -0.43388374E-02,  0.50837592E+00, -0.29723204E-01, -0.97240004E-01, -0.19854526E-01
     4426.,  0.98883083E-02, -0.14904227E-02,  0.50837592E+00, -0.29528924E-01, -0.97300701E-01,  0.18923466E-01
     4427.,  0.98883083E-02,  0.14904227E-02,  0.50837592E+00, -0.29334211E-01, -0.97241412E-01,  0.56020043E-01
     4428.,  0.90096887E-02,  0.43388374E-02,  0.50837592E+00, -0.29206730E-01, -0.97082741E-01,  0.88138977E-01
     4429.,  0.73305187E-02,  0.68017274E-02,  0.50837592E+00, -0.29190784E-01, -0.96879828E-01,  0.11242637E+00
     4430.,  0.50000000E-02,  0.86602540E-02,  0.50837592E+00, -0.29291911E-01, -0.96703192E-01,  0.12672420E+00
     4431.,  0.22252093E-02,  0.97492791E-02,  0.50837592E+00, -0.29474968E-01, -0.96614218E-01,  0.12976202E+00
     4432., -0.74730094E-03,  0.99720380E-02,  0.50837592E+00, -0.29676339E-01, -0.96643823E-01,  0.12126992E+00
     4433., -0.36534102E-02,  0.93087375E-02,  0.50837592E+00, -0.29826041E-01, -0.96781719E-01,  0.10200246E+00
     4434., -0.62348980E-02,  0.78183148E-02,  0.50837592E+00, -0.29872051E-01, -0.96979982E-01,  0.73671614E-01
     4435., -0.82623877E-02,  0.56332006E-02,  0.50837592E+00, -0.29798379E-01, -0.97169714E-01,  0.38794740E-01
     4436., -0.95557281E-02,  0.29475517E-02,  0.50837592E+00, -0.29630630E-01, -0.97284974E-01,  0.47078652E-03
     4437., -0.95557281E-02, -0.29475517E-02,  0.51524461E+00, -0.60220375E-01, -0.19980962E+00, -0.71488881E-01
     4438., -0.82623877E-02, -0.56332006E-02,  0.51524461E+00, -0.60080048E-01, -0.19945583E+00, -0.99460950E-01
     4439., -0.62348980E-02, -0.78183148E-02,  0.51524461E+00, -0.60163400E-01, -0.19908446E+00, -0.11859548E+00
     4440., -0.36534102E-02, -0.93087375E-02,  0.51524461E+00, -0.60441465E-01, -0.19882458E+00, -0.12719228E+00
     4441., -0.74730094E-03, -0.99720380E-02,  0.51524461E+00, -0.60817611E-01, -0.19876650E+00, -0.12448750E+00
     4442.,  0.22252093E-02, -0.97492791E-02,  0.51524461E+00, -0.61161119E-01, -0.19893040E+00, -0.11072145E+00
     4443.,  0.50000000E-02, -0.86602540E-02,  0.51524461E+00, -0.61352610E-01, -0.19925933E+00, -0.87117307E-01
     4444.,  0.73305187E-02, -0.68017274E-02,  0.51524461E+00, -0.61325536E-01, -0.19963897E+00, -0.55772413E-01
     4445.,  0.90096887E-02, -0.43388374E-02,  0.51524461E+00, -0.61089306E-01, -0.19993740E+00, -0.19471907E-01
     4446.,  0.98883083E-02, -0.14904227E-02,  0.51524461E+00, -0.60726015E-01, -0.20005090E+00,  0.18558768E-01
     4447.,  0.98883083E-02,  0.14904227E-02,  0.51524461E+00, -0.60361914E-01, -0.19994003E+00,  0.54940432E-01
     4448.,  0.90096887E-02,  0.43388374E-02,  0.51524461E+00, -0.60123534E-01, -0.19964333E+00,  0.86440382E-01
     4449.,  0.73305187E-02,  0.68017274E-02,  0.51524461E+00, -0.60093716E-01, -0.19926389E+00,  0.11025972E+00
     4450.,  0.50000000E-02,  0.86602540E-02,  0.51524461E+00, -0.60282821E-01, -0.19893359E+00,  0.12428201E+00
     4451.,  0.22252093E-02,  0.97492791E-02,  0.51524461E+00, -0.60625133E-01, -0.19876721E+00,  0.12726129E+00
     4452., -0.74730094E-03,  0.99720380E-02,  0.51524461E+00, -0.61001690E-01, -0.19882257E+00,  0.11893285E+00
     4453., -0.36534102E-02,  0.93087375E-02,  0.51524461E+00, -0.61281628E-01, -0.19908043E+00,  0.10003671E+00
     4454., -0.62348980E-02,  0.78183148E-02,  0.51524461E+00, -0.61367665E-01, -0.19945118E+00,  0.72251851E-01
     4455., -0.82623877E-02,  0.56332006E-02,  0.51524461E+00, -0.61229899E-01, -0.19980597E+00,  0.38047113E-01
     4456., -0.95557281E-02,  0.29475517E-02,  0.51524461E+00, -0.60916210E-01, -0.20002150E+00,  0.46172737E-03
     4457., -0.95557281E-02, -0.29475517E-02,  0.52186071E+00, -0.89308328E-01, -0.29623589E+00, -0.69340568E-01
     4458., -0.82623877E-02, -0.56332006E-02,  0.52186071E+00, -0.89106651E-01, -0.29572744E+00, -0.96472054E-01
     4459., -0.62348980E-02, -0.78183148E-02,  0.52186071E+00, -0.89226439E-01, -0.29519372E+00, -0.11503158E+00
     4460., -0.36534102E-02, -0.93087375E-02,  0.52186071E+00, -0.89626063E-01, -0.29482023E+00, -0.12337004E+00
     4461., -0.74730094E-03, -0.99720380E-02,  0.52186071E+00, -0.90166647E-01, -0.29473676E+00, -0.12074654E+00
     4462.,  0.22252093E-02, -0.97492791E-02,  0.52186071E+00, -0.90660325E-01, -0.29497231E+00, -0.10739418E+00
     4463.,  0.50000000E-02, -0.86602540E-02,  0.52186071E+00, -0.90935531E-01, -0.29544503E+00, -0.84499366E-01
     4464.,  0.73305187E-02, -0.68017274E-02,  0.52186071E+00, -0.90896624E-01, -0.29599064E+00, -0.54096415E-01
     4465.,  0.90096887E-02, -0.43388374E-02,  0.52186071E+00, -0.90557125E-01, -0.29641953E+00, -0.18886772E-01
     4466.,  0.98883083E-02, -0.14904227E-02,  0.52186071E+00, -0.90035019E-01, -0.29658265E+00,  0.18001048E-01
     4467.,  0.98883083E-02,  0.14904227E-02,  0.52186071E+00, -0.89511747E-01, -0.29642332E+00,  0.53289412E-01
     4468.,  0.90096887E-02,  0.43388374E-02,  0.52186071E+00, -0.89169158E-01, -0.29599690E+00,  0.83842764E-01
     4469.,  0.73305187E-02,  0.68017274E-02,  0.52186071E+00, -0.89126307E-01, -0.29545158E+00,  0.10694631E+00
     4470.,  0.50000000E-02,  0.86602540E-02,  0.52186071E+00, -0.89398085E-01, -0.29497688E+00,  0.12054722E+00
     4471.,  0.22252093E-02,  0.97492791E-02,  0.52186071E+00, -0.89890044E-01, -0.29473777E+00,  0.12343698E+00
     4472., -0.74730094E-03,  0.99720380E-02,  0.52186071E+00, -0.90431219E-01, -0.29481733E+00,  0.11535882E+00
     4473., -0.36534102E-02,  0.93087375E-02,  0.52186071E+00, -0.90833537E-01, -0.29518792E+00,  0.97030525E-01
     4474., -0.62348980E-02,  0.78183148E-02,  0.52186071E+00, -0.90957185E-01, -0.29572075E+00,  0.70080630E-01
     4475., -0.82623877E-02,  0.56332006E-02,  0.52186071E+00, -0.90759191E-01, -0.29623065E+00,  0.36903777E-01
     4476., -0.95557281E-02,  0.29475517E-02,  0.52186071E+00, -0.90308366E-01, -0.29654041E+00,  0.44786438E-03
     4477., -0.95557281E-02, -0.29475517E-02,  0.52823351E+00, -0.11634387E+00, -0.38585865E+00, -0.66555333E-01
     4478., -0.82623877E-02, -0.56332006E-02,  0.52823351E+00, -0.11608516E+00, -0.38520641E+00, -0.92597021E-01
     4479., -0.62348980E-02, -0.78183148E-02,  0.52823351E+00, -0.11623882E+00, -0.38452178E+00, -0.11041106E+00
     4480., -0.36534102E-02, -0.93087375E-02,  0.52823351E+00, -0.11675145E+00, -0.38404267E+00, -0.11841460E+00
     4481., -0.74730094E-03, -0.99720380E-02,  0.52823351E+00, -0.11744490E+00, -0.38393559E+00, -0.11589648E+00
     4482.,  0.22252093E-02, -0.97492791E-02,  0.52823351E+00, -0.11807818E+00, -0.38423775E+00, -0.10308045E+00
     4483.,  0.50000000E-02, -0.86602540E-02,  0.52823351E+00, -0.11843121E+00, -0.38484414E+00, -0.81105263E-01
     4484.,  0.73305187E-02, -0.68017274E-02,  0.52823351E+00, -0.11838130E+00, -0.38554404E+00, -0.51923520E-01
     4485.,  0.90096887E-02, -0.43388374E-02,  0.52823351E+00, -0.11794580E+00, -0.38609421E+00, -0.18128155E-01
     4486.,  0.98883083E-02, -0.14904227E-02,  0.52823351E+00, -0.11727605E+00, -0.38630346E+00,  0.17277982E-01
     4487.,  0.98883083E-02,  0.14904227E-02,  0.52823351E+00, -0.11660481E+00, -0.38609907E+00,  0.51148908E-01
     4488.,  0.90096887E-02,  0.43388374E-02,  0.52823351E+00, -0.11616535E+00, -0.38555207E+00,  0.80475016E-01
     4489.,  0.73305187E-02,  0.68017274E-02,  0.52823351E+00, -0.11611038E+00, -0.38485255E+00,  0.10265056E+00
     4490.,  0.50000000E-02,  0.86602540E-02,  0.52823351E+00, -0.11645901E+00, -0.38424362E+00,  0.11570516E+00
     4491.,  0.22252093E-02,  0.97492791E-02,  0.52823351E+00, -0.11709009E+00, -0.38393689E+00,  0.11847885E+00
     4492., -0.74730094E-03,  0.99720380E-02,  0.52823351E+00, -0.11778429E+00, -0.38403895E+00,  0.11072517E+00
     4493., -0.36534102E-02,  0.93087375E-02,  0.52823351E+00, -0.11830038E+00, -0.38451433E+00,  0.93133075E-01
     4494., -0.62348980E-02,  0.78183148E-02,  0.52823351E+00, -0.11845899E+00, -0.38519783E+00,  0.67265687E-01
     4495., -0.82623877E-02,  0.56332006E-02,  0.52823351E+00, -0.11820501E+00, -0.38585192E+00,  0.35421461E-01
     4496., -0.95557281E-02,  0.29475517E-02,  0.52823351E+00, -0.11762670E+00, -0.38624928E+00,  0.42988533E-03
     4497., -0.95557281E-02, -0.29475517E-02,  0.53437196E+00, -0.14121412E+00, -0.46830370E+00, -0.63234697E-01
     4498., -0.82623877E-02, -0.56332006E-02,  0.53437196E+00, -0.14090294E+00, -0.46751918E+00, -0.87977096E-01
     4499., -0.62348980E-02, -0.78183148E-02,  0.53437196E+00, -0.14108777E+00, -0.46669568E+00, -0.10490235E+00
     4500., -0.36534102E-02, -0.93087375E-02,  0.53437196E+00, -0.14170437E+00, -0.46611939E+00, -0.11250657E+00
     4501., -0.74730094E-03, -0.99720380E-02,  0.53437196E+00, -0.14253847E+00, -0.46599059E+00, -0.11011409E+00
     4502.,  0.22252093E-02, -0.97492791E-02,  0.53437196E+00, -0.14330020E+00, -0.46635404E+00, -0.97937491E-01
     4503.,  0.50000000E-02, -0.86602540E-02,  0.53437196E+00, -0.14372483E+00, -0.46708342E+00, -0.77058709E-01
     4504.,  0.73305187E-02, -0.68017274E-02,  0.53437196E+00, -0.14366481E+00, -0.46792527E+00, -0.49332925E-01
     4505.,  0.90096887E-02, -0.43388374E-02,  0.53437196E+00, -0.14314098E+00, -0.46858703E+00, -0.17223702E-01
     4506.,  0.98883083E-02, -0.14904227E-02,  0.53437196E+00, -0.14233539E+00, -0.46883872E+00,  0.16415925E-01
     4507.,  0.98883083E-02,  0.14904227E-02,  0.53437196E+00, -0.14152800E+00, -0.46859288E+00,  0.48596941E-01
     4508.,  0.90096887E-02,  0.43388374E-02,  0.53437196E+00, -0.14099940E+00, -0.46793493E+00,  0.76459892E-01
     4509.,  0.73305187E-02,  0.68017274E-02,  0.53437196E+00, -0.14093328E+00, -0.46709353E+00,  0.97529042E-01
     4510.,  0.50000000E-02,  0.86602540E-02,  0.53437196E+00, -0.14135262E+00, -0.46636109E+00,  0.10993231E+00
     4511.,  0.22252093E-02,  0.97492791E-02,  0.53437196E+00, -0.14211170E+00, -0.46599215E+00,  0.11256762E+00
     4512., -0.74730094E-03,  0.99720380E-02,  0.53437196E+00, -0.14294671E+00, -0.46611491E+00,  0.10520080E+00
     4513., -0.36534102E-02,  0.93087375E-02,  0.53437196E+00, -0.14356747E+00, -0.46668672E+00,  0.88486418E-01
     4514., -0.62348980E-02,  0.78183148E-02,  0.53437196E+00, -0.14375825E+00, -0.46750885E+00,  0.63909627E-01
     4515., -0.82623877E-02,  0.56332006E-02,  0.53437196E+00, -0.14345276E+00, -0.46829560E+00,  0.33654197E-01
     4516., -0.95557281E-02,  0.29475517E-02,  0.53437196E+00, -0.14275715E+00, -0.46877356E+00,  0.40844776E-03
     4517., -0.95557281E-02, -0.29475517E-02,  0.54028467E+00, -0.16386185E+00, -0.54338124E+00, -0.59473696E-01
     4518., -0.82623877E-02, -0.56332006E-02,  0.54028467E+00, -0.16350288E+00, -0.54247623E+00, -0.82744500E-01
     4519., -0.62348980E-02, -0.78183148E-02,  0.54028467E+00, -0.16371610E+00, -0.54152625E+00, -0.98663094E-01
     4520., -0.36534102E-02, -0.93087375E-02,  0.54028467E+00, -0.16442740E+00, -0.54086145E+00, -0.10581505E+00
     4521., -0.74730094E-03, -0.99720380E-02,  0.54028467E+00, -0.16538960E+00, -0.54071287E+00, -0.10356487E+00
     4522.,  0.22252093E-02, -0.97492791E-02,  0.54028467E+00, -0.16626832E+00, -0.54113213E+00, -0.92112492E-01
     4523.,  0.50000000E-02, -0.86602540E-02,  0.54028467E+00, -0.16675817E+00, -0.54197353E+00, -0.72475515E-01
     4524.,  0.73305187E-02, -0.68017274E-02,  0.54028467E+00, -0.16668892E+00, -0.54294468E+00, -0.46398770E-01
     4525.,  0.90096887E-02, -0.43388374E-02,  0.54028467E+00, -0.16608464E+00, -0.54370807E+00, -0.16199302E-01
     4526.,  0.98883083E-02, -0.14904227E-02,  0.54028467E+00, -0.16515533E+00, -0.54399842E+00,  0.15439551E-01
     4527.,  0.98883083E-02,  0.14904227E-02,  0.54028467E+00, -0.16422394E+00, -0.54371481E+00,  0.45706546E-01
     4528.,  0.90096887E-02,  0.43388374E-02,  0.54028467E+00, -0.16361415E+00, -0.54295581E+00,  0.71912303E-01
     4529.,  0.73305187E-02,  0.68017274E-02,  0.54028467E+00, -0.16353787E+00, -0.54198519E+00,  0.91728331E-01
     4530.,  0.50000000E-02,  0.86602540E-02,  0.54028467E+00, -0.16402162E+00, -0.54114026E+00,  0.10339390E+00
     4531.,  0.22252093E-02,  0.97492791E-02,  0.54028467E+00, -0.16489727E+00, -0.54071466E+00,  0.10587247E+00
     4532., -0.74730094E-03,  0.99720380E-02,  0.54028467E+00, -0.16586053E+00, -0.54085628E+00,  0.98943800E-01
     4533., -0.36534102E-02,  0.93087375E-02,  0.54028467E+00, -0.16657663E+00, -0.54151590E+00,  0.83223541E-01
     4534., -0.62348980E-02,  0.78183148E-02,  0.54028467E+00, -0.16679672E+00, -0.54246431E+00,  0.60108497E-01
     4535., -0.82623877E-02,  0.56332006E-02,  0.54028467E+00, -0.16644430E+00, -0.54337189E+00,  0.31652563E-01
     4536., -0.95557281E-02,  0.29475517E-02,  0.54028467E+00, -0.16564186E+00, -0.54392325E+00,  0.38416224E-03
     4537., -0.95557281E-02, -0.29475517E-02,  0.54597994E+00, -0.18427605E+00, -0.61105472E+00, -0.55359987E-01
     4538., -0.82623877E-02, -0.56332006E-02,  0.54597994E+00, -0.18387399E+00, -0.61004108E+00, -0.77021187E-01
     4539., -0.62348980E-02, -0.78183148E-02,  0.54597994E+00, -0.18411280E+00, -0.60897709E+00, -0.91838717E-01
     4540., -0.36534102E-02, -0.93087375E-02,  0.54597994E+00, -0.18490947E+00, -0.60823250E+00, -0.98495980E-01
     4541., -0.74730094E-03, -0.99720380E-02,  0.54597994E+00, -0.18598717E+00, -0.60806608E+00, -0.96401442E-01
     4542.,  0.22252093E-02, -0.97492791E-02,  0.54597994E+00, -0.18697135E+00, -0.60853566E+00, -0.85741213E-01
     4543.,  0.50000000E-02, -0.86602540E-02,  0.54597994E+00, -0.18752000E+00, -0.60947805E+00, -0.67462496E-01
     4544.,  0.73305187E-02, -0.68017274E-02,  0.54597994E+00, -0.18744244E+00, -0.61056576E+00, -0.43189443E-01
     4545.,  0.90096887E-02, -0.43388374E-02,  0.54597994E+00, -0.18676563E+00, -0.61142078E+00, -0.15078826E-01
     4546.,  0.98883083E-02, -0.14904227E-02,  0.54597994E+00, -0.18572477E+00, -0.61174597E+00,  0.14371614E-01
     4547.,  0.98883083E-02,  0.14904227E-02,  0.54597994E+00, -0.18468159E+00, -0.61142832E+00,  0.42545087E-01
     4548.,  0.90096887E-02,  0.43388374E-02,  0.54597994E+00, -0.18399861E+00, -0.61057822E+00,  0.66938230E-01
     4549.,  0.73305187E-02,  0.68017274E-02,  0.54597994E+00, -0.18391318E+00, -0.60949110E+00,  0.85383615E-01
     4550.,  0.50000000E-02,  0.86602540E-02,  0.54597994E+00, -0.18445499E+00, -0.60854476E+00,  0.96242295E-01
     4551.,  0.22252093E-02,  0.97492791E-02,  0.54597994E+00, -0.18543575E+00, -0.60806807E+00,  0.98549427E-01
     4552., -0.74730094E-03,  0.99720380E-02,  0.54597994E+00, -0.18651462E+00, -0.60822669E+00,  0.92100009E-01
     4553., -0.36534102E-02,  0.93087375E-02,  0.54597994E+00, -0.18731667E+00, -0.60896549E+00,  0.77467099E-01
     4554., -0.62348980E-02,  0.78183148E-02,  0.54597994E+00, -0.18756317E+00, -0.61002773E+00,  0.55950890E-01
     4555., -0.82623877E-02,  0.56332006E-02,  0.54597994E+00, -0.18716845E+00, -0.61104425E+00,  0.29463209E-01
     4556., -0.95557281E-02,  0.29475517E-02,  0.54597994E+00, -0.18626970E+00, -0.61166179E+00,  0.35759683E-03
     4557., -0.95557281E-02, -0.29475517E-02,  0.55146578E+00, -0.20248336E+00, -0.67141246E+00, -0.50973339E-01
     4558., -0.82623877E-02, -0.56332006E-02,  0.55146578E+00, -0.20204286E+00, -0.67030192E+00, -0.70918137E-01
     4559., -0.62348980E-02, -0.78183148E-02,  0.55146578E+00, -0.20230450E+00, -0.66913621E+00, -0.84561550E-01
     4560., -0.36534102E-02, -0.93087375E-02,  0.55146578E+00, -0.20317733E+00, -0.66832045E+00, -0.90691302E-01
     4561., -0.74730094E-03, -0.99720380E-02,  0.55146578E+00, -0.20435805E+00, -0.66813812E+00, -0.88762734E-01
     4562.,  0.22252093E-02, -0.97492791E-02,  0.55146578E+00, -0.20543631E+00, -0.66865259E+00, -0.78947207E-01
     4563.,  0.50000000E-02, -0.86602540E-02,  0.55146578E+00, -0.20603741E+00, -0.66968507E+00, -0.62116870E-01
     4564.,  0.73305187E-02, -0.68017274E-02,  0.55146578E+00, -0.20595243E+00, -0.67087675E+00, -0.39767177E-01
     4565.,  0.90096887E-02, -0.43388374E-02,  0.55146578E+00, -0.20521093E+00, -0.67181351E+00, -0.13884006E-01
     4566.,  0.98883083E-02, -0.14904227E-02,  0.55146578E+00, -0.20407057E+00, -0.67216978E+00,  0.13232824E-01
     4567.,  0.98883083E-02,  0.14904227E-02,  0.55146578E+00, -0.20292767E+00, -0.67182177E+00,  0.39173871E-01
     4568.,  0.90096887E-02,  0.43388374E-02,  0.55146578E+00, -0.20217941E+00, -0.67089041E+00,  0.61634137E-01
     4569.,  0.73305187E-02,  0.68017274E-02,  0.55146578E+00, -0.20208581E+00, -0.66969937E+00,  0.78617936E-01
     4570.,  0.50000000E-02,  0.86602540E-02,  0.55146578E+00, -0.20267941E+00, -0.66866256E+00,  0.88616191E-01
     4571.,  0.22252093E-02,  0.97492791E-02,  0.55146578E+00, -0.20375392E+00, -0.66814030E+00,  0.90740511E-01
     4572., -0.74730094E-03,  0.99720380E-02,  0.55146578E+00, -0.20493592E+00, -0.66831409E+00,  0.84802138E-01
     4573., -0.36534102E-02,  0.93087375E-02,  0.55146578E+00, -0.20581464E+00, -0.66912351E+00,  0.71328721E-01
     4574., -0.62348980E-02,  0.78183148E-02,  0.55146578E+00, -0.20608470E+00, -0.67028729E+00,  0.51517427E-01
     4575., -0.82623877E-02,  0.56332006E-02,  0.55146578E+00, -0.20565226E+00, -0.67140099E+00,  0.27128593E-01
     4576., -0.95557281E-02,  0.29475517E-02,  0.55146578E+00, -0.20466759E+00, -0.67207756E+00,  0.32926624E-03
     4577., -0.95557281E-02, -0.29475517E-02,  0.55674988E+00, -0.21854041E+00, -0.72464216E+00, -0.46385465E-01
     4578., -0.82623877E-02, -0.56332006E-02,  0.55674988E+00, -0.21806602E+00, -0.72344615E+00, -0.64535129E-01
     4579., -0.62348980E-02, -0.78183148E-02,  0.55674988E+00, -0.21834778E+00, -0.72219073E+00, -0.76950565E-01
     4580., -0.36534102E-02, -0.93087375E-02,  0.55674988E+00, -0.21928779E+00, -0.72131218E+00, -0.82528609E-01
     4581., -0.74730094E-03, -0.99720380E-02,  0.55674988E+00, -0.22055937E+00, -0.72111582E+00, -0.80773623E-01
     4582.,  0.22252093E-02, -0.97492791E-02,  0.55674988E+00, -0.22172063E+00, -0.72166989E+00, -0.71841547E-01
     4583.,  0.50000000E-02, -0.86602540E-02,  0.55674988E+00, -0.22236798E+00, -0.72278182E+00, -0.56526029E-01
     4584.,  0.73305187E-02, -0.68017274E-02,  0.55674988E+00, -0.22227647E+00, -0.72406522E+00, -0.36187927E-01
     4585.,  0.90096887E-02, -0.43388374E-02,  0.55674988E+00, -0.22147789E+00, -0.72507407E+00, -0.12634376E-01
     4586.,  0.98883083E-02, -0.14904227E-02,  0.55674988E+00, -0.22024978E+00, -0.72545776E+00,  0.12041798E-01
     4587.,  0.98883083E-02,  0.14904227E-02,  0.55674988E+00, -0.21901892E+00, -0.72508297E+00,  0.35648014E-01
     4588.,  0.90096887E-02,  0.43388374E-02,  0.55674988E+00, -0.21821307E+00, -0.72407993E+00,  0.56086739E-01
     4589.,  0.73305187E-02,  0.68017274E-02,  0.55674988E+00, -0.21811227E+00, -0.72279723E+00,  0.71541908E-01
     4590.,  0.50000000E-02,  0.86602540E-02,  0.55674988E+00, -0.21875156E+00, -0.72168063E+00,  0.80640268E-01
     4591.,  0.22252093E-02,  0.97492791E-02,  0.55674988E+00, -0.21990876E+00, -0.72111818E+00,  0.82573388E-01
     4592., -0.74730094E-03,  0.99720380E-02,  0.55674988E+00, -0.22118173E+00, -0.72130534E+00,  0.77169501E-01
     4593., -0.36534102E-02,  0.93087375E-02,  0.55674988E+00, -0.22212808E+00, -0.72217705E+00,  0.64908764E-01
     4594., -0.62348980E-02,  0.78183148E-02,  0.55674988E+00, -0.22241892E+00, -0.72343040E+00,  0.46880592E-01
     4595., -0.82623877E-02,  0.56332006E-02,  0.55674988E+00, -0.22195319E+00, -0.72462980E+00,  0.24686882E-01
     4596., -0.95557281E-02,  0.29475517E-02,  0.55674988E+00, -0.22089274E+00, -0.72535844E+00,  0.29963736E-03
     4597., -0.95557281E-02, -0.29475517E-02,  0.56183965E+00, -0.23252705E+00, -0.77100843E+00, -0.41660108E-01
     4598., -0.82623877E-02, -0.56332006E-02,  0.56183965E+00, -0.23202312E+00, -0.76973797E+00, -0.57960838E-01
     4599., -0.62348980E-02, -0.78183148E-02,  0.56183965E+00, -0.23232243E+00, -0.76840439E+00, -0.69111495E-01
     4600., -0.36534102E-02, -0.93087375E-02,  0.56183965E+00, -0.23332096E+00, -0.76747115E+00, -0.74121297E-01
     4601., -0.74730094E-03, -0.99720380E-02,  0.56183965E+00, -0.23467170E+00, -0.76726256E+00, -0.72545096E-01
     4602.,  0.22252093E-02, -0.97492791E-02,  0.56183965E+00, -0.23590525E+00, -0.76785112E+00, -0.64522944E-01
     4603.,  0.50000000E-02, -0.86602540E-02,  0.56183965E+00, -0.23659290E+00, -0.76903228E+00, -0.50767642E-01
     4604.,  0.73305187E-02, -0.68017274E-02,  0.56183965E+00, -0.23649569E+00, -0.77039558E+00, -0.32501414E-01
     4605.,  0.90096887E-02, -0.43388374E-02,  0.56183965E+00, -0.23564740E+00, -0.77146723E+00, -0.11347299E-01
     4606.,  0.98883083E-02, -0.14904227E-02,  0.56183965E+00, -0.23434283E+00, -0.77187482E+00,  0.10815075E-01
     4607.,  0.98883083E-02,  0.14904227E-02,  0.56183965E+00, -0.23303535E+00, -0.77147669E+00,  0.32016493E-01
     4608.,  0.90096887E-02,  0.43388374E-02,  0.56183965E+00, -0.23217933E+00, -0.77041121E+00,  0.50373095E-01
     4609.,  0.73305187E-02,  0.68017274E-02,  0.56183965E+00, -0.23207226E+00, -0.76904865E+00,  0.64253825E-01
     4610.,  0.50000000E-02,  0.86602540E-02,  0.56183965E+00, -0.23275134E+00, -0.76786253E+00,  0.72425322E-01
     4611.,  0.22252093E-02,  0.97492791E-02,  0.56183965E+00, -0.23398059E+00, -0.76726507E+00,  0.74161513E-01
     4612., -0.74730094E-03,  0.99720380E-02,  0.56183965E+00, -0.23533281E+00, -0.76746388E+00,  0.69308129E-01
     4613., -0.36534102E-02,  0.93087375E-02,  0.56183965E+00, -0.23633807E+00, -0.76838987E+00,  0.58296413E-01
     4614., -0.62348980E-02,  0.78183148E-02,  0.56183965E+00, -0.23664702E+00, -0.76972123E+00,  0.42104798E-01
     4615., -0.82623877E-02,  0.56332006E-02,  0.56183965E+00, -0.23615230E+00, -0.77099531E+00,  0.22171995E-01
     4616., -0.95557281E-02,  0.29475517E-02,  0.56183965E+00, -0.23502583E+00, -0.77176931E+00,  0.26911439E-03
     4617., -0.95557281E-02, -0.29475517E-02,  0.56674226E+00, -0.24454043E+00, -0.81083335E+00, -0.36853267E-01
     4618., -0.82623877E-02, -0.56332006E-02,  0.56674226E+00, -0.24401113E+00, -0.80949893E+00, -0.51273184E-01
     4619., -0.62348980E-02, -0.78183148E-02,  0.56674226E+00, -0.24432551E+00, -0.80809821E+00, -0.61137254E-01
     4620., -0.36534102E-02, -0.93087375E-02,  0.56674226E+00, -0.24537431E+00, -0.80711798E+00, -0.65569014E-01
     4621., -0.74730094E-03, -0.99720380E-02,  0.56674226E+00, -0.24679306E+00, -0.80689890E+00, -0.64174679E-01
     4622.,  0.22252093E-02, -0.97492791E-02,  0.56674226E+00, -0.24808870E+00, -0.80751709E+00, -0.57078143E-01
     4623.,  0.50000000E-02, -0.86602540E-02,  0.56674226E+00, -0.24881098E+00, -0.80875772E+00, -0.44909960E-01
     4624.,  0.73305187E-02, -0.68017274E-02,  0.56674226E+00, -0.24870888E+00, -0.81018965E+00, -0.28751331E-01
     4625.,  0.90096887E-02, -0.43388374E-02,  0.56674226E+00, -0.24781788E+00, -0.81131525E+00, -0.10038026E-01
     4626.,  0.98883083E-02, -0.14904227E-02,  0.56674226E+00, -0.24644763E+00, -0.81174336E+00,  0.95672046E-02
     4627.,  0.98883083E-02,  0.14904227E-02,  0.56674226E+00, -0.24507433E+00, -0.81132519E+00,  0.28322355E-01
     4628.,  0.90096887E-02,  0.43388374E-02,  0.56674226E+00, -0.24417521E+00, -0.81020607E+00,  0.44560932E-01
     4629.,  0.73305187E-02,  0.68017274E-02,  0.56674226E+00, -0.24406275E+00, -0.80877491E+00,  0.56840072E-01
     4630.,  0.50000000E-02,  0.86602540E-02,  0.56674226E+00, -0.24477602E+00, -0.80752908E+00,  0.64068726E-01
     4631.,  0.22252093E-02,  0.97492791E-02,  0.56674226E+00, -0.24606715E+00, -0.80690154E+00,  0.65604593E-01
     4632., -0.74730094E-03,  0.99720380E-02,  0.56674226E+00, -0.24748745E+00, -0.80711036E+00,  0.61311205E-01
     4633., -0.36534102E-02,  0.93087375E-02,  0.56674226E+00, -0.24854332E+00, -0.80808296E+00,  0.51570044E-01
     4634., -0.62348980E-02,  0.78183148E-02,  0.56674226E+00, -0.24886782E+00, -0.80948136E+00,  0.37246655E-01
     4635., -0.82623877E-02,  0.56332006E-02,  0.56674226E+00, -0.24834819E+00, -0.81081957E+00,  0.19613742E-01
     4636., -0.95557281E-02,  0.29475517E-02,  0.56674226E+00, -0.24716501E+00, -0.81163254E+00,  0.23806611E-03
     4637., -0.95557281E-02, -0.29475517E-02,  0.57146458E+00, -0.25469003E+00, -0.84447979E+00, -0.32013614E-01
     4638., -0.82623877E-02, -0.56332006E-02,  0.57146458E+00, -0.25413930E+00, -0.84309132E+00, -0.44539877E-01
     4639., -0.62348980E-02, -0.78183148E-02,  0.57146458E+00, -0.25446640E+00, -0.84163387E+00, -0.53108577E-01
     4640., -0.36534102E-02, -0.93087375E-02,  0.57146458E+00, -0.25555767E+00, -0.84061395E+00, -0.56958349E-01
     4641., -0.74730094E-03, -0.99720380E-02,  0.57146458E+00, -0.25703388E+00, -0.84038599E+00, -0.55747121E-01
     4642.,  0.22252093E-02, -0.97492791E-02,  0.57146458E+00, -0.25838200E+00, -0.84102922E+00, -0.49582518E-01
     4643.,  0.50000000E-02, -0.86602540E-02,  0.57146458E+00, -0.25913353E+00, -0.84232009E+00, -0.39012287E-01
     4644.,  0.73305187E-02, -0.68017274E-02,  0.57146458E+00, -0.25902729E+00, -0.84381001E+00, -0.24975645E-01
     4645.,  0.90096887E-02, -0.43388374E-02,  0.57146458E+00, -0.25810021E+00, -0.84498120E+00, -0.87198114E-02
     4646.,  0.98883083E-02, -0.14904227E-02,  0.57146458E+00, -0.25667447E+00, -0.84542664E+00,  0.83108175E-02
     4647.,  0.98883083E-02,  0.14904227E-02,  0.57146458E+00, -0.25524555E+00, -0.84499154E+00,  0.24603002E-01
     4648.,  0.90096887E-02,  0.43388374E-02,  0.57146458E+00, -0.25431002E+00, -0.84382709E+00,  0.38709095E-01
     4649.,  0.73305187E-02,  0.68017274E-02,  0.57146458E+00, -0.25419300E+00, -0.84233798E+00,  0.49375713E-01
     4650.,  0.50000000E-02,  0.86602540E-02,  0.57146458E+00, -0.25493516E+00, -0.84104169E+00,  0.55655085E-01
     4651.,  0.22252093E-02,  0.97492791E-02,  0.57146458E+00, -0.25627858E+00, -0.84038873E+00,  0.56989260E-01
     4652., -0.74730094E-03,  0.99720380E-02,  0.57146458E+00, -0.25775640E+00, -0.84060601E+00,  0.53259689E-01
     4653., -0.36534102E-02,  0.93087375E-02,  0.57146458E+00, -0.25885503E+00, -0.84161800E+00,  0.44797759E-01
     4654., -0.62348980E-02,  0.78183148E-02,  0.57146458E+00, -0.25919268E+00, -0.84307303E+00,  0.32355348E-01
     4655., -0.82623877E-02,  0.56332006E-02,  0.57146458E+00, -0.25865200E+00, -0.84446545E+00,  0.17038029E-01
     4656., -0.95557281E-02,  0.29475517E-02,  0.57146458E+00, -0.25742090E+00, -0.84531134E+00,  0.20680719E-03
     4657., -0.95557281E-02, -0.29475517E-02,  0.57601324E+00, -0.26309338E+00, -0.87233734E+00, -0.27182948E-01
     4658., -0.82623877E-02, -0.56332006E-02,  0.57601324E+00, -0.26252489E+00, -0.87090413E+00, -0.37819071E-01
     4659., -0.62348980E-02, -0.78183148E-02,  0.57601324E+00, -0.26286254E+00, -0.86939971E+00, -0.45094805E-01
     4660., -0.36534102E-02, -0.93087375E-02,  0.57601324E+00, -0.26398899E+00, -0.86834691E+00, -0.48363671E-01
     4661., -0.74730094E-03, -0.99720380E-02,  0.57601324E+00, -0.26551277E+00, -0.86811161E+00, -0.47335212E-01
     4662.,  0.22252093E-02, -0.97492791E-02,  0.57601324E+00, -0.26690434E+00, -0.86877557E+00, -0.42100810E-01
     4663.,  0.50000000E-02, -0.86602540E-02,  0.57601324E+00, -0.26768009E+00, -0.87010804E+00, -0.33125565E-01
     4664.,  0.73305187E-02, -0.68017274E-02,  0.57601324E+00, -0.26757042E+00, -0.87164598E+00, -0.21206970E-01
     4665.,  0.90096887E-02, -0.43388374E-02,  0.57601324E+00, -0.26661347E+00, -0.87285492E+00, -0.74040451E-02
     4666.,  0.98883083E-02, -0.14904227E-02,  0.57601324E+00, -0.26514177E+00, -0.87331472E+00,  0.70567633E-02
     4667.,  0.98883083E-02,  0.14904227E-02,  0.57601324E+00, -0.26366680E+00, -0.87286559E+00,  0.20890553E-01
     4668.,  0.90096887E-02,  0.43388374E-02,  0.57601324E+00, -0.26270112E+00, -0.87166361E+00,  0.32868120E-01
     4669.,  0.73305187E-02,  0.68017274E-02,  0.57601324E+00, -0.26258033E+00, -0.87012650E+00,  0.41925209E-01
     4670.,  0.50000000E-02,  0.86602540E-02,  0.57601324E+00, -0.26334641E+00, -0.86878844E+00,  0.47257062E-01
     4671.,  0.22252093E-02,  0.97492791E-02,  0.57601324E+00, -0.26473313E+00, -0.86811443E+00,  0.48389919E-01
     4672., -0.74730094E-03,  0.99720380E-02,  0.57601324E+00, -0.26625857E+00, -0.86833871E+00,  0.45223119E-01
     4673., -0.36534102E-02,  0.93087375E-02,  0.57601324E+00, -0.26739262E+00, -0.86938332E+00,  0.38038045E-01
     4674., -0.62348980E-02,  0.78183148E-02,  0.57601324E+00, -0.26774115E+00, -0.87088525E+00,  0.27473120E-01
     4675., -0.82623877E-02,  0.56332006E-02,  0.57601324E+00, -0.26718304E+00, -0.87232254E+00,  0.14467093E-01
     4676., -0.95557281E-02,  0.29475517E-02,  0.57601324E+00, -0.26591227E+00, -0.87319569E+00,  0.17560305E-03
     4677., -0.95557281E-02, -0.29475517E-02,  0.58039462E+00, -0.26987257E+00, -0.89481074E+00, -0.22396739E-01
     4678., -0.82623877E-02, -0.56332006E-02,  0.58039462E+00, -0.26928977E+00, -0.89334143E+00, -0.31160119E-01
     4679., -0.62348980E-02, -0.78183148E-02,  0.58039462E+00, -0.26963592E+00, -0.89179911E+00, -0.37154786E-01
     4680., -0.36534102E-02, -0.93087375E-02,  0.58039462E+00, -0.27079074E+00, -0.89071980E+00, -0.39848090E-01
     4681., -0.74730094E-03, -0.99720380E-02,  0.58039462E+00, -0.27235290E+00, -0.89047857E+00, -0.39000716E-01
     4682.,  0.22252093E-02, -0.97492791E-02,  0.58039462E+00, -0.27377952E+00, -0.89115925E+00, -0.34687957E-01
     4683.,  0.50000000E-02, -0.86602540E-02,  0.58039462E+00, -0.27457481E+00, -0.89252529E+00, -0.27293019E-01
     4684.,  0.73305187E-02, -0.68017274E-02,  0.58039462E+00, -0.27446238E+00, -0.89410197E+00, -0.17472976E-01
     4685.,  0.90096887E-02, -0.43388374E-02,  0.58039462E+00, -0.27348132E+00, -0.89534135E+00, -0.61003864E-02
     4686.,  0.98883083E-02, -0.14904227E-02,  0.58039462E+00, -0.27197256E+00, -0.89581273E+00,  0.58142501E-02
     4687.,  0.98883083E-02,  0.14904227E-02,  0.58039462E+00, -0.27046043E+00, -0.89535229E+00,  0.17212271E-01
     4688.,  0.90096887E-02,  0.43388374E-02,  0.58039462E+00, -0.26947043E+00, -0.89412004E+00,  0.27080900E-01
     4689.,  0.73305187E-02,  0.68017274E-02,  0.58039462E+00, -0.26934660E+00, -0.89254421E+00,  0.34543273E-01
     4690.,  0.50000000E-02,  0.86602540E-02,  0.58039462E+00, -0.27013197E+00, -0.89117244E+00,  0.38936325E-01
     4691.,  0.22252093E-02,  0.97492791E-02,  0.58039462E+00, -0.27155362E+00, -0.89048146E+00,  0.39869714E-01
     4692., -0.74730094E-03,  0.99720380E-02,  0.58039462E+00, -0.27311749E+00, -0.89071139E+00,  0.37260505E-01
     4693., -0.36534102E-02,  0.93087375E-02,  0.58039462E+00, -0.27428010E+00, -0.89178231E+00,  0.31340535E-01
     4694., -0.62348980E-02,  0.78183148E-02,  0.58039462E+00, -0.27463741E+00, -0.89332207E+00,  0.22635818E-01
     4695., -0.82623877E-02,  0.56332006E-02,  0.58039462E+00, -0.27406525E+00, -0.89479556E+00,  0.11919814E-01
     4696., -0.95557281E-02,  0.29475517E-02,  0.58039462E+00, -0.27276246E+00, -0.89569071E+00,  0.14468419E-03
     4697., -0.95557281E-02, -0.29475517E-02,  0.58461489E+00, -0.27515138E+00, -0.91231028E+00, -0.17684672E-01
     4698., -0.82623877E-02, -0.56332006E-02,  0.58461489E+00, -0.27455743E+00, -0.91081286E+00, -0.24604318E-01
     4699., -0.62348980E-02, -0.78183148E-02,  0.58461489E+00, -0.27491020E+00, -0.90924104E+00, -0.29337764E-01
     4700., -0.36534102E-02, -0.93087375E-02,  0.58461489E+00, -0.27608711E+00, -0.90814108E+00, -0.31464423E-01
     4701., -0.74730094E-03, -0.99720380E-02,  0.58461489E+00, -0.27767916E+00, -0.90789524E+00, -0.30795328E-01
     4702.,  0.22252093E-02, -0.97492791E-02,  0.58461489E+00, -0.27913307E+00, -0.90858894E+00, -0.27389934E-01
     4703.,  0.50000000E-02, -0.86602540E-02,  0.58461489E+00, -0.27994357E+00, -0.90998111E+00, -0.21550821E-01
     4704.,  0.73305187E-02, -0.68017274E-02,  0.58461489E+00, -0.27982900E+00, -0.91158795E+00, -0.13796824E-01
     4705.,  0.90096887E-02, -0.43388374E-02,  0.58461489E+00, -0.27882917E+00, -0.91285105E+00, -0.48169224E-02
     4706.,  0.98883083E-02, -0.14904227E-02,  0.58461489E+00, -0.27729154E+00, -0.91333144E+00,  0.45909853E-02
     4707.,  0.98883083E-02,  0.14904227E-02,  0.58461489E+00, -0.27575049E+00, -0.91286219E+00,  0.13590968E-01
     4708.,  0.90096887E-02,  0.43388374E-02,  0.58461489E+00, -0.27474155E+00, -0.91160637E+00,  0.21383330E-01
     4709.,  0.73305187E-02,  0.68017274E-02,  0.58461489E+00, -0.27461535E+00, -0.91000039E+00,  0.27275687E-01
     4710.,  0.50000000E-02,  0.86602540E-02,  0.58461489E+00, -0.27541574E+00, -0.90860239E+00,  0.30744481E-01
     4711.,  0.22252093E-02,  0.97492791E-02,  0.58461489E+00, -0.27686459E+00, -0.90789819E+00,  0.31481494E-01
     4712., -0.74730094E-03,  0.99720380E-02,  0.58461489E+00, -0.27845838E+00, -0.90813251E+00,  0.29421238E-01
     4713., -0.36534102E-02,  0.93087375E-02,  0.58461489E+00, -0.27964323E+00, -0.90922392E+00,  0.24746775E-01
     4714., -0.62348980E-02,  0.78183148E-02,  0.58461489E+00, -0.28000737E+00, -0.91079313E+00,  0.17873450E-01
     4715., -0.82623877E-02,  0.56332006E-02,  0.58461489E+00, -0.27942427E+00, -0.91229481E+00,  0.94119945E-02
     4716., -0.95557281E-02,  0.29475517E-02,  0.58461489E+00, -0.27809656E+00, -0.91320709E+00,  0.11424222E-03
     4717., -0.95557281E-02, -0.29475517E-02,  0.58867995E+00, -0.27905296E+00, -0.92524421E+00, -0.13071209E-01
     4718., -0.82623877E-02, -0.56332006E-02,  0.58867995E+00, -0.27845076E+00, -0.92372601E+00, -0.18185703E-01
     4719., -0.62348980E-02, -0.78183148E-02,  0.58867995E+00, -0.27880843E+00, -0.92213239E+00, -0.21684317E-01
     4720., -0.36534102E-02, -0.93087375E-02,  0.58867995E+00, -0.28000167E+00, -0.92101717E+00, -0.23256187E-01
     4721., -0.74730094E-03, -0.99720380E-02,  0.58867995E+00, -0.28161580E+00, -0.92076791E+00, -0.22761643E-01
     4722.,  0.22252093E-02, -0.97492791E-02,  0.58867995E+00, -0.28308988E+00, -0.92147123E+00, -0.20244625E-01
     4723.,  0.50000000E-02, -0.86602540E-02,  0.58867995E+00, -0.28391163E+00, -0.92288272E+00, -0.15928783E-01
     4724.,  0.73305187E-02, -0.68017274E-02,  0.58867995E+00, -0.28379546E+00, -0.92451185E+00, -0.10197599E-01
     4725.,  0.90096887E-02, -0.43388374E-02,  0.58867995E+00, -0.28278176E+00, -0.92579247E+00, -0.35603147E-02
     4726.,  0.98883083E-02, -0.14904227E-02,  0.58867995E+00, -0.28122281E+00, -0.92627953E+00,  0.33933190E-02
     4727.,  0.98883083E-02,  0.14904227E-02,  0.58867995E+00, -0.27966037E+00, -0.92580377E+00,  0.10045444E-01
     4728.,  0.90096887E-02,  0.43388374E-02,  0.58867995E+00, -0.27863744E+00, -0.92453053E+00,  0.15804984E-01
     4729.,  0.73305187E-02,  0.68017274E-02,  0.58867995E+00, -0.27850948E+00, -0.92290227E+00,  0.20160181E-01
     4730.,  0.50000000E-02,  0.86602540E-02,  0.58867995E+00, -0.27932098E+00, -0.92148487E+00,  0.22724059E-01
     4731.,  0.22252093E-02,  0.97492791E-02,  0.58867995E+00, -0.28078993E+00, -0.92077090E+00,  0.23268804E-01
     4732., -0.74730094E-03,  0.99720380E-02,  0.58867995E+00, -0.28240583E+00, -0.92100848E+00,  0.21746014E-01
     4733., -0.36534102E-02,  0.93087375E-02,  0.58867995E+00, -0.28360711E+00, -0.92211503E+00,  0.18290996E-01
     4734., -0.62348980E-02,  0.78183148E-02,  0.58867995E+00, -0.28397631E+00, -0.92370601E+00,  0.13210740E-01
     4735., -0.82623877E-02,  0.56332006E-02,  0.58867995E+00, -0.28338512E+00, -0.92522853E+00,  0.69566545E-02
     4736., -0.95557281E-02,  0.29475517E-02,  0.58867995E+00, -0.28203899E+00, -0.92615345E+00,  0.84439807E-04
     4737., -0.95557281E-02, -0.29475517E-02,  0.59259553E+00, -0.28169800E+00, -0.93401268E+00, -0.85761454E-02
     4738., -0.82623877E-02, -0.56332006E-02,  0.59259553E+00, -0.28109021E+00, -0.93248039E+00, -0.11931814E-01
     4739., -0.62348980E-02, -0.78183148E-02,  0.59259553E+00, -0.28145120E+00, -0.93087198E+00, -0.14227289E-01
     4740., -0.36534102E-02, -0.93087375E-02,  0.59259553E+00, -0.28265551E+00, -0.92974641E+00, -0.15258608E-01
     4741., -0.74730094E-03, -0.99720380E-02,  0.59259553E+00, -0.28428462E+00, -0.92949484E+00, -0.14934133E-01
     4742.,  0.22252093E-02, -0.97492791E-02,  0.59259553E+00, -0.28577238E+00, -0.93020469E+00, -0.13282695E-01
     4743.,  0.50000000E-02, -0.86602540E-02,  0.59259553E+00, -0.28660175E+00, -0.93162927E+00, -0.10451029E-01
     4744.,  0.73305187E-02, -0.68017274E-02,  0.59259553E+00, -0.28648451E+00, -0.93327353E+00, -0.66907442E-02
     4745.,  0.90096887E-02, -0.43388374E-02,  0.59259553E+00, -0.28546140E+00, -0.93456603E+00, -0.23359591E-02
     4746.,  0.98883083E-02, -0.14904227E-02,  0.59259553E+00, -0.28388798E+00, -0.93505761E+00,  0.22263876E-02
     4747.,  0.98883083E-02,  0.14904227E-02,  0.59259553E+00, -0.28231104E+00, -0.93457744E+00,  0.65909121E-02
     4748.,  0.90096887E-02,  0.43388374E-02,  0.59259553E+00, -0.28127861E+00, -0.93329238E+00,  0.10369801E-01
     4749.,  0.73305187E-02,  0.68017274E-02,  0.59259553E+00, -0.28114948E+00, -0.93164901E+00,  0.13227289E-01
     4750.,  0.50000000E-02,  0.86602540E-02,  0.59259553E+00, -0.28196851E+00, -0.93021846E+00,  0.14909473E-01
     4751.,  0.22252093E-02,  0.97492791E-02,  0.59259553E+00, -0.28345109E+00, -0.92949787E+00,  0.15266885E-01
     4752., -0.74730094E-03,  0.99720380E-02,  0.59259553E+00, -0.28508198E+00, -0.92973765E+00,  0.14267768E-01
     4753., -0.36534102E-02,  0.93087375E-02,  0.59259553E+00, -0.28629441E+00, -0.93085447E+00,  0.12000897E-01
     4754., -0.62348980E-02,  0.78183148E-02,  0.59259553E+00, -0.28666704E+00, -0.93246021E+00,  0.86676931E-02
     4755., -0.82623877E-02,  0.56332006E-02,  0.59259553E+00, -0.28607036E+00, -0.93399686E+00,  0.45643271E-02
     4756., -0.95557281E-02,  0.29475517E-02,  0.59259553E+00, -0.28471174E+00, -0.93493037E+00,  0.55402144E-04
     4757., -0.95557281E-02, -0.29475517E-02,  0.59636711E+00, -0.28320338E+00, -0.93900321E+00, -0.42150937E-02
     4758., -0.82623877E-02, -0.56332006E-02,  0.59636711E+00, -0.28259242E+00, -0.93746289E+00, -0.58643714E-02
     4759., -0.62348980E-02, -0.78183148E-02,  0.59636711E+00, -0.28295530E+00, -0.93584605E+00, -0.69925750E-02
     4760., -0.36534102E-02, -0.93087375E-02,  0.59636711E+00, -0.28416592E+00, -0.93471458E+00, -0.74994592E-02
     4761., -0.74730094E-03, -0.99720380E-02,  0.59636711E+00, -0.28580357E+00, -0.93446169E+00, -0.73399813E-02
     4762.,  0.22252093E-02, -0.97492791E-02,  0.59636711E+00, -0.28729912E+00, -0.93517526E+00, -0.65283155E-02
     4763.,  0.50000000E-02, -0.86602540E-02,  0.59636711E+00, -0.28813284E+00, -0.93660730E+00, -0.51365817E-02
     4764.,  0.73305187E-02, -0.68017274E-02,  0.59636711E+00, -0.28801498E+00, -0.93826017E+00, -0.32884372E-02
     4765.,  0.90096887E-02, -0.43388374E-02,  0.59636711E+00, -0.28698651E+00, -0.93955945E+00, -0.11481020E-02
     4766.,  0.98883083E-02, -0.14904227E-02,  0.59636711E+00, -0.28540484E+00, -0.94005361E+00,  0.10942464E-02
     4767.,  0.98883083E-02,  0.14904227E-02,  0.59636711E+00, -0.28381964E+00, -0.93957092E+00,  0.32393667E-02
     4768.,  0.90096887E-02,  0.43388374E-02,  0.59636711E+00, -0.28278180E+00, -0.93827913E+00,  0.50966552E-02
     4769.,  0.73305187E-02,  0.68017274E-02,  0.59636711E+00, -0.28265199E+00, -0.93662715E+00,  0.65010834E-02
     4770.,  0.50000000E-02,  0.86602540E-02,  0.59636711E+00, -0.28347531E+00, -0.93518910E+00,  0.73278623E-02
     4771.,  0.22252093E-02,  0.97492791E-02,  0.59636711E+00, -0.28496566E+00, -0.93446474E+00,  0.75035270E-02
     4772., -0.74730094E-03,  0.99720380E-02,  0.59636711E+00, -0.28660510E+00, -0.93470577E+00,  0.70124700E-02
     4773., -0.36534102E-02,  0.93087375E-02,  0.59636711E+00, -0.28782389E+00, -0.93582845E+00,  0.58983257E-02
     4774., -0.62348980E-02,  0.78183148E-02,  0.59636711E+00, -0.28819846E+00, -0.93744261E+00,  0.42600881E-02
     4775., -0.82623877E-02,  0.56332006E-02,  0.59636711E+00, -0.28759866E+00, -0.93898730E+00,  0.22433235E-02
     4776., -0.95557281E-02,  0.29475517E-02,  0.59636711E+00, -0.28623292E+00, -0.93992570E+00,  0.27229757E-04
     4777., -0.95557281E-02, -0.29475517E-02,  0.60000000E+00, -0.28368119E+00, -0.94058721E+00,  0.00000000E+00
     4778., -0.10000000E-01, -0.12246468E-17,  0.60000000E+00, -0.28505596E+00, -0.94151724E+00,  0.00000000E+00
     4779., -0.10000000E-01,  0.12246468E-17,  0.59636711E+00, -0.28457587E+00, -0.93993170E+00, -0.21912847E-02
     4780., -0.10000000E-01,  0.12246468E-17,  0.59259553E+00, -0.28306333E+00, -0.93493633E+00, -0.44584481E-02
     4781., -0.10000000E-01,  0.12246468E-17,  0.58867995E+00, -0.28040574E+00, -0.92615937E+00, -0.67952798E-02
     4782., -0.10000000E-01,  0.12246468E-17,  0.58461489E+00, -0.27648565E+00, -0.91321292E+00, -0.91936635E-02
     4783., -0.10000000E-01,  0.12246468E-17,  0.58039462E+00, -0.27118180E+00, -0.89569643E+00, -0.11643307E-01
     4784., -0.10000000E-01,  0.12246468E-17,  0.57601324E+00, -0.26437044E+00, -0.87320127E+00, -0.14131495E-01
     4785., -0.10000000E-01,  0.12246468E-17,  0.57146458E+00, -0.25592722E+00, -0.84531674E+00, -0.16642796E-01
     4786., -0.10000000E-01,  0.12246468E-17,  0.56674226E+00, -0.24572946E+00, -0.81163773E+00, -0.19158771E-01
     4787., -0.10000000E-01,  0.12246468E-17,  0.56183965E+00, -0.23365909E+00, -0.77177426E+00, -0.21657686E-01
     4788., -0.10000000E-01,  0.12246468E-17,  0.55674988E+00, -0.21960610E+00, -0.72536310E+00, -0.24114242E-01
     4789., -0.10000000E-01,  0.12246468E-17,  0.55146578E+00, -0.20347289E+00, -0.67208188E+00, -0.26499326E-01
     4790., -0.10000000E-01,  0.12246468E-17,  0.54597994E+00, -0.18517924E+00, -0.61166574E+00, -0.28779801E-01
     4791., -0.10000000E-01,  0.12246468E-17,  0.54028467E+00, -0.16466826E+00, -0.54392678E+00, -0.30918383E-01
     4792., -0.10000000E-01,  0.12246468E-17,  0.53437196E+00, -0.14191317E+00, -0.46877661E+00, -0.32873606E-01
     4793., -0.10000000E-01,  0.12246468E-17,  0.52823351E+00, -0.11692503E+00, -0.38625181E+00, -0.34599900E-01
     4794., -0.10000000E-01,  0.12246468E-17,  0.52186071E+00, -0.89761381E-01, -0.29654238E+00, -0.36047856E-01
     4795., -0.10000000E-01,  0.12246468E-17,  0.51524461E+00, -0.60535613E-01, -0.20002288E+00, -0.37164700E-01
     4796., -0.10000000E-01,  0.12246468E-17,  0.50837592E+00, -0.29427102E-01, -0.97285708E-01, -0.37895013E-01
     4797., -0.10000000E-01,  0.12246468E-17,  0.50124499E+00,  0.33083271E-02,  0.10824235E-01, -0.38181781E-01
     4798., -0.10000000E-01,  0.12246468E-17,  0.49384182E+00,  0.37327881E-01,  0.12317485E+00, -0.37967809E-01
     4799., -0.10000000E-01,  0.12246468E-17,  0.48615601E+00,  0.72191780E-01,  0.23831373E+00, -0.37197565E-01
     4800., -0.10000000E-01,  0.12246468E-17,  0.47817676E+00,  0.10735446E+00,  0.35443907E+00, -0.35819504E-01
     4801., -0.10000000E-01,  0.12246468E-17,  0.46989289E+00,  0.14215783E+00,  0.46937751E+00, -0.33788948E-01
     4802., -0.10000000E-01,  0.12246468E-17,  0.46129275E+00,  0.17582784E+00,  0.58057272E+00, -0.31071450E-01
     4803., -0.10000000E-01,  0.12246468E-17,  0.45236427E+00,  0.20747566E+00,  0.68508933E+00, -0.27646770E-01
     4804., -0.10000000E-01,  0.12246468E-17,  0.44309492E+00,  0.23610514E+00,  0.77963743E+00, -0.23513321E-01
     4805., -0.10000000E-01,  0.12246468E-17,  0.43347169E+00,  0.26062825E+00,  0.86062384E+00, -0.18693040E-01
     4806., -0.10000000E-01,  0.12246468E-17,  0.42348105E+00,  0.27989068E+00,  0.92423645E+00, -0.13236435E-01
     4807., -0.10000000E-01,  0.12246468E-17,  0.41310900E+00,  0.29270943E+00,  0.96656840E+00, -0.72276406E-02
     4808., -0.10000000E-01,  0.12246468E-17,  0.40234095E+00,  0.29792424E+00,  0.98378796E+00, -0.78902665E-03
     4809., -0.10000000E-01,  0.12246468E-17,  0.39116181E+00,  0.29446428E+00,  0.97235883E+00,  0.59151370E-02
     4810., -0.10000000E-01,  0.12246468E-17,  0.37955586E+00,  0.28143068E+00,  0.92931277E+00,  0.12676665E-01
     4811., -0.10000000E-01,  0.12246468E-17,  0.36750682E+00,  0.25819441E+00,  0.85257249E+00,  0.19243732E-01
     4812., -0.10000000E-01,  0.12246468E-17,  0.35499777E+00,  0.22450664E+00,  0.74131653E+00,  0.25324506E-01
     4813., -0.10000000E-01,  0.12246468E-17,  0.34201114E+00,  0.18061710E+00,  0.59636984E+00,  0.30595111E-01
     4814., -0.10000000E-01,  0.12246468E-17,  0.32852871E+00,  0.12739206E+00,  0.42059355E+00,  0.34712730E-01
     4815., -0.10000000E-01,  0.12246468E-17,  0.31453155E+00,  0.66420293E-01,  0.21923483E+00,  0.37334825E-01
     4816., -0.10000000E-01,  0.12246468E-17,  0.30000000E+00,  0.91078928E-04,  0.18469819E-03,  0.38144971E-01
     4817., -0.10000000E-01,  0.12246468E-17,  0.28546845E+00, -0.65908923E-01, -0.21777656E+00,  0.36968672E-01
     4818., -0.10000000E-01,  0.12246468E-17,  0.27147129E+00, -0.12596107E+00, -0.41609354E+00,  0.34015800E-01
     4819., -0.10000000E-01,  0.12246468E-17,  0.25798886E+00, -0.17779401E+00, -0.58726551E+00,  0.29618410E-01
     4820., -0.10000000E-01,  0.12246468E-17,  0.24500223E+00, -0.21994718E+00, -0.72646945E+00,  0.24128664E-01
     4821., -0.10000000E-01,  0.12246468E-17,  0.23249318E+00, -0.25168131E+00, -0.83126434E+00,  0.17893580E-01
     4822., -0.10000000E-01,  0.12246468E-17,  0.22044414E+00, -0.27286400E+00, -0.90121332E+00,  0.11236735E-01
     4823., -0.10000000E-01,  0.12246468E-17,  0.20883819E+00, -0.28384621E+00, -0.93747578E+00,  0.44460767E-02
     4824., -0.10000000E-01,  0.12246468E-17,  0.19765905E+00, -0.28534100E+00, -0.94240675E+00, -0.22329921E-02
     4825., -0.10000000E-01,  0.12246468E-17,  0.18689100E+00, -0.27831195E+00, -0.91918865E+00, -0.86003120E-02
     4826., -0.10000000E-01,  0.12246468E-17,  0.17651895E+00, -0.26387595E+00, -0.87151015E+00, -0.14500504E-01
     4827., -0.10000000E-01,  0.12246468E-17,  0.16652831E+00, -0.24322227E+00, -0.80329884E+00, -0.19820246E-01
     4828., -0.10000000E-01,  0.12246468E-17,  0.15690508E+00, -0.21754794E+00, -0.71850811E+00, -0.24484133E-01
     4829., -0.10000000E-01,  0.12246468E-17,  0.14763573E+00, -0.18800897E+00, -0.62095564E+00, -0.28449705E-01
     4830., -0.10000000E-01,  0.12246468E-17,  0.13870725E+00, -0.15568524E+00, -0.51420777E+00, -0.31702176E-01
     4831., -0.10000000E-01,  0.12246468E-17,  0.13010711E+00, -0.12155746E+00, -0.40150323E+00, -0.34249231E-01
     4832., -0.10000000E-01,  0.12246468E-17,  0.12182324E+00, -0.86493865E-01, -0.28570929E+00, -0.36116133E-01
     4833., -0.10000000E-01,  0.12246468E-17,  0.11384399E+00, -0.51244707E-01, -0.16930362E+00, -0.37341276E-01
     4834., -0.10000000E-01,  0.12246468E-17,  0.10615818E+00, -0.16442716E-01, -0.54375697E-01, -0.37972311E-01
     4835., -0.10000000E-01,  0.12246468E-17,  0.98755010E-01,  0.17392167E-01,  0.57357484E-01, -0.38062829E-01
     4836., -0.10000000E-01,  0.12246468E-17,  0.91624083E-01,  0.49845076E-01,  0.16452599E+00, -0.37669616E-01
     4837., -0.10000000E-01,  0.12246468E-17,  0.84755390E-01,  0.80596691E-01,  0.26607544E+00, -0.36850438E-01
     4838., -0.10000000E-01,  0.12246468E-17,  0.78139288E-01,  0.10941273E+00,  0.36123224E+00, -0.35662309E-01
     4839., -0.10000000E-01,  0.12246468E-17,  0.71766487E-01,  0.13613311E+00,  0.44946784E+00, -0.34160197E-01
     4840., -0.10000000E-01,  0.12246468E-17,  0.65628041E-01,  0.16066133E+00,  0.53046363E+00, -0.32396082E-01
     4841., -0.10000000E-01,  0.12246468E-17,  0.59715332E-01,  0.18295431E+00,  0.60407751E+00, -0.30418301E-01
     4842., -0.10000000E-01,  0.12246468E-17,  0.54020058E-01,  0.20301311E+00,  0.67031299E+00, -0.28271167E-01
     4843., -0.10000000E-01,  0.12246468E-17,  0.48534222E-01,  0.22087437E+00,  0.72929110E+00, -0.25994797E-01
     4844., -0.10000000E-01,  0.12246468E-17,  0.43250125E-01,  0.23660277E+00,  0.78122545E+00, -0.23625093E-01
     4845., -0.10000000E-01,  0.12246468E-17,  0.38160345E-01,  0.25028439E+00,  0.82640034E+00, -0.21193824E-01
     4846., -0.10000000E-01,  0.12246468E-17,  0.33257738E-01,  0.26202100E+00,  0.86515197E+00, -0.18728795E-01
     4847., -0.10000000E-01,  0.12246468E-17,  0.28535421E-01,  0.27192524E+00,  0.89785249E+00, -0.16254036E-01
     4848., -0.10000000E-01,  0.12246468E-17,  0.23986762E-01,  0.28011654E+00,  0.92489674E+00, -0.13790012E-01
     4849., -0.10000000E-01,  0.12246468E-17,  0.19605378E-01,  0.28671788E+00,  0.94669140E+00, -0.11353885E-01
     4850., -0.10000000E-01,  0.12246468E-17,  0.15385115E-01,  0.29185320E+00,  0.96364615E+00, -0.89597909E-02
     4851., -0.10000000E-01,  0.12246468E-17,  0.11320049E-01,  0.29564526E+00,  0.97616659E+00, -0.66190856E-02
     4852., -0.10000000E-01,  0.12246468E-17,  0.74044719E-02,  0.29821398E+00,  0.98464850E+00, -0.43412527E-02
     4853., -0.10000000E-01,  0.12246468E-17,  0.36328875E-02,  0.29967506E+00,  0.98947336E+00, -0.21331511E-02
     4854., -0.95557281E-02,  0.29475517E-02,  0.60000000E+00, -0.28671575E+00, -0.94151124E+00,  0.00000000E+00
     4855., -0.82623877E-02,  0.56332006E-02,  0.60000000E+00, -0.28808375E+00, -0.94057128E+00,  0.00000000E+00
     4856., -0.62348980E-02,  0.78183148E-02,  0.60000000E+00, -0.28868455E+00, -0.93902402E+00,  0.00000000E+00
     4857., -0.36534102E-02,  0.93087375E-02,  0.60000000E+00, -0.28830935E+00, -0.93740719E+00,  0.00000000E+00
     4858., -0.74730094E-03,  0.99720380E-02,  0.60000000E+00, -0.28708855E+00, -0.93628265E+00,  0.00000000E+00
     4859.,  0.22252093E-02,  0.97492791E-02,  0.60000000E+00, -0.28544639E+00, -0.93604122E+00,  0.00000000E+00
     4860.,  0.50000000E-02,  0.86602540E-02,  0.60000000E+00, -0.28395357E+00, -0.93676679E+00,  0.00000000E+00
     4861.,  0.73305187E-02,  0.68017274E-02,  0.60000000E+00, -0.28312888E+00, -0.93820722E+00,  0.00000000E+00
     4862.,  0.90096887E-02,  0.43388374E-02,  0.60000000E+00, -0.28325891E+00, -0.93986193E+00,  0.00000000E+00
     4863.,  0.98883083E-02,  0.14904227E-02,  0.60000000E+00, -0.28429847E+00, -0.94115587E+00,  0.00000000E+00
     4864.,  0.98883083E-02, -0.14904227E-02,  0.60000000E+00, -0.28588630E+00, -0.94163936E+00,  0.00000000E+00
     4865.,  0.90096887E-02, -0.43388374E-02,  0.60000000E+00, -0.28747059E+00, -0.94114438E+00,  0.00000000E+00
     4866.,  0.73305187E-02, -0.68017274E-02,  0.60000000E+00, -0.28850076E+00, -0.93984295E+00,  0.00000000E+00
     4867.,  0.50000000E-02, -0.86602540E-02,  0.60000000E+00, -0.28861882E+00, -0.93818734E+00,  0.00000000E+00
     4868.,  0.22252093E-02, -0.97492791E-02,  0.60000000E+00, -0.28778372E+00, -0.93675291E+00,  0.00000000E+00
     4869., -0.74730094E-03, -0.99720380E-02,  0.60000000E+00, -0.28628568E+00, -0.93603816E+00,  0.00000000E+00
     4870., -0.36534102E-02, -0.93087375E-02,  0.60000000E+00, -0.28464532E+00, -0.93629147E+00,  0.00000000E+00
     4871., -0.62348980E-02, -0.78183148E-02,  0.60000000E+00, -0.28343269E+00, -0.93742482E+00,  0.00000000E+00
     4872., -0.82623877E-02, -0.56332006E-02,  0.60000000E+00, -0.28306921E+00, -0.93904434E+00,  0.00000000E+00
     4873., -0.19111456E-01, -0.58951035E-02,  0.59636711E+00, -0.27564422E+00, -0.94452506E+00, -0.92054997E-02
     4874., -0.16524775E-01, -0.11266401E-01,  0.59636711E+00, -0.27296323E+00, -0.93776605E+00, -0.12807427E-01
     4875., -0.12469796E-01, -0.15636630E-01,  0.59636711E+00, -0.27455557E+00, -0.93067122E+00, -0.15271358E-01
     4876., -0.73068205E-02, -0.18617475E-01,  0.59636711E+00, -0.27986790E+00, -0.92570620E+00, -0.16378363E-01
     4877., -0.14946019E-02, -0.19944076E-01,  0.59636711E+00, -0.28705404E+00, -0.92459647E+00, -0.16030074E-01
     4878.,  0.44504187E-02, -0.19498558E-01,  0.59636711E+00, -0.29361665E+00, -0.92772765E+00, -0.14257446E-01
     4879.,  0.10000000E-01, -0.17320508E-01,  0.59636711E+00, -0.29727508E+00, -0.93401160E+00, -0.11217983E-01
     4880.,  0.14661037E-01, -0.13603455E-01,  0.59636711E+00, -0.29675794E+00, -0.94126453E+00, -0.71817506E-02
     4881.,  0.18019377E-01, -0.86776748E-02,  0.59636711E+00, -0.29224494E+00, -0.94696585E+00, -0.25073895E-02
     4882.,  0.19776617E-01, -0.29808453E-02,  0.59636711E+00, -0.28530446E+00, -0.94913425E+00,  0.23897648E-02
     4883.,  0.19776617E-01,  0.29808453E-02,  0.59636711E+00, -0.27834846E+00, -0.94701615E+00,  0.70745790E-02
     4884.,  0.18019377E-01,  0.86776748E-02,  0.59636711E+00, -0.27379432E+00, -0.94134766E+00,  0.11130782E-01
     4885.,  0.14661037E-01,  0.13603455E-01,  0.59636711E+00, -0.27322468E+00, -0.93409868E+00,  0.14197970E-01
     4886.,  0.10000000E-01,  0.17320508E-01,  0.59636711E+00, -0.27683752E+00, -0.92778840E+00,  0.16003609E-01
     4887.,  0.44504187E-02,  0.19498558E-01,  0.59636711E+00, -0.28337729E+00, -0.92460980E+00,  0.16387250E-01
     4888., -0.14946019E-02,  0.19944076E-01,  0.59636711E+00, -0.29057126E+00, -0.92566749E+00,  0.15314815E-01
     4889., -0.73068205E-02,  0.18617475E-01,  0.59636711E+00, -0.29591939E+00, -0.93059390E+00,  0.12881596E-01
     4890., -0.12469796E-01,  0.15636630E-01,  0.59636711E+00, -0.29756307E+00, -0.93767700E+00,  0.93037846E-02
     4891., -0.16524775E-01,  0.11266401E-01,  0.59636711E+00, -0.29493108E+00, -0.94445526E+00,  0.48992923E-02
     4892., -0.19111456E-01,  0.58951035E-02,  0.59636711E+00, -0.28893811E+00, -0.94857305E+00,  0.59476619E-04
     4893., -0.19111456E-01, -0.58951035E-02,  0.59259553E+00, -0.27417817E+00, -0.93950579E+00, -0.18730056E-01
     4894., -0.16524775E-01, -0.11266401E-01,  0.59259553E+00, -0.27151114E+00, -0.93278197E+00, -0.26058750E-01
     4895., -0.12469796E-01, -0.15636630E-01,  0.59259553E+00, -0.27309519E+00, -0.92572408E+00, -0.31072010E-01
     4896., -0.73068205E-02, -0.18617475E-01,  0.59259553E+00, -0.27837987E+00, -0.92078491E+00, -0.33324385E-01
     4897., -0.14946019E-02, -0.19944076E-01,  0.59259553E+00, -0.28552859E+00, -0.91968096E+00, -0.32615741E-01
     4898.,  0.44504187E-02, -0.19498558E-01,  0.59259553E+00, -0.29205702E+00, -0.92279584E+00, -0.29009048E-01
     4899.,  0.10000000E-01, -0.17320508E-01,  0.59259553E+00, -0.29569641E+00, -0.92904707E+00, -0.22824774E-01
     4900.,  0.14661037E-01, -0.13603455E-01,  0.59259553E+00, -0.29518196E+00, -0.93626223E+00, -0.14612417E-01
     4901.,  0.18019377E-01, -0.86776748E-02,  0.59259553E+00, -0.29069246E+00, -0.94193387E+00, -0.51016845E-02
     4902.,  0.19776617E-01, -0.29808453E-02,  0.59259553E+00, -0.28378811E+00, -0.94409097E+00,  0.48623544E-02
     4903.,  0.19776617E-01,  0.29808453E-02,  0.59259553E+00, -0.27686834E+00, -0.94198390E+00,  0.14394355E-01
     4904.,  0.18019377E-01,  0.86776748E-02,  0.59259553E+00, -0.27233791E+00, -0.93634492E+00,  0.22647352E-01
     4905.,  0.14661037E-01,  0.13603455E-01,  0.59259553E+00, -0.27177123E+00, -0.92913369E+00,  0.28888035E-01
     4906.,  0.10000000E-01,  0.17320508E-01,  0.59259553E+00, -0.27536526E+00, -0.92285627E+00,  0.32561888E-01
     4907.,  0.44504187E-02,  0.19498558E-01,  0.59259553E+00, -0.28187098E+00, -0.91969421E+00,  0.33342474E-01
     4908., -0.14946019E-02,  0.19944076E-01,  0.59259553E+00, -0.28902750E+00, -0.92074640E+00,  0.31160434E-01
     4909., -0.73068205E-02,  0.18617475E-01,  0.59259553E+00, -0.29434778E+00, -0.92564716E+00,  0.26209656E-01
     4910., -0.12469796E-01,  0.15636630E-01,  0.59259553E+00, -0.29598290E+00, -0.93269338E+00,  0.18930032E-01
     4911., -0.16524775E-01,  0.11266401E-01,  0.59259553E+00, -0.29336462E+00, -0.93943634E+00,  0.99683906E-02
     4912., -0.19111456E-01,  0.58951035E-02,  0.59259553E+00, -0.28740285E+00, -0.94353270E+00,  0.12101586E-03
     4913., -0.19111456E-01, -0.58951035E-02,  0.58867995E+00, -0.27160230E+00, -0.93068681E+00, -0.28547289E-01
     4914., -0.16524775E-01, -0.11266401E-01,  0.58867995E+00, -0.26895980E+00, -0.92402482E+00, -0.39717268E-01
     4915., -0.12469796E-01, -0.15636630E-01,  0.58867995E+00, -0.27052928E+00, -0.91703185E+00, -0.47358192E-01
     4916., -0.73068205E-02, -0.18617475E-01,  0.58867995E+00, -0.27576535E+00, -0.91213811E+00, -0.50791135E-01
     4917., -0.14946019E-02, -0.19944076E-01,  0.58867995E+00, -0.28284833E+00, -0.91104431E+00, -0.49711063E-01
     4918.,  0.44504187E-02, -0.19498558E-01,  0.58867995E+00, -0.28931673E+00, -0.91413054E+00, -0.44213945E-01
     4919.,  0.10000000E-01, -0.17320508E-01,  0.58867995E+00, -0.29292264E+00, -0.92032428E+00, -0.34788226E-01
     4920.,  0.14661037E-01, -0.13603455E-01,  0.58867995E+00, -0.29241292E+00, -0.92747308E+00, -0.22271419E-01
     4921.,  0.18019377E-01, -0.86776748E-02,  0.58867995E+00, -0.28796471E+00, -0.93309256E+00, -0.77756987E-02
     4922.,  0.19776617E-01, -0.29808453E-02,  0.58867995E+00, -0.28112386E+00, -0.93522983E+00,  0.74109250E-02
     4923.,  0.19776617E-01,  0.29808453E-02,  0.58867995E+00, -0.27426773E+00, -0.93314214E+00,  0.21939058E-01
     4924.,  0.18019377E-01,  0.86776748E-02,  0.58867995E+00, -0.26977896E+00, -0.92755502E+00,  0.34517808E-01
     4925.,  0.14661037E-01,  0.13603455E-01,  0.58867995E+00, -0.26921750E+00, -0.92041010E+00,  0.44029500E-01
     4926.,  0.10000000E-01,  0.17320508E-01,  0.58867995E+00, -0.27277847E+00, -0.91419041E+00,  0.49628979E-01
     4927.,  0.44504187E-02,  0.19498558E-01,  0.58867995E+00, -0.27922436E+00, -0.91105743E+00,  0.50818704E-01
     4928., -0.14946019E-02,  0.19944076E-01,  0.58867995E+00, -0.28631506E+00, -0.91209994E+00,  0.47492965E-01
     4929., -0.73068205E-02,  0.18617475E-01,  0.58867995E+00, -0.29158641E+00, -0.91695563E+00,  0.39947267E-01
     4930., -0.12469796E-01,  0.15636630E-01,  0.58867995E+00, -0.29320650E+00, -0.92393705E+00,  0.28852076E-01
     4931., -0.16524775E-01,  0.11266401E-01,  0.58867995E+00, -0.29061229E+00, -0.93061800E+00,  0.15193253E-01
     4932., -0.19111456E-01,  0.58951035E-02,  0.58867995E+00, -0.28470535E+00, -0.93467669E+00,  0.18444369E-03
     4933., -0.19111456E-01, -0.58951035E-02,  0.58461489E+00, -0.26780276E+00, -0.91767840E+00, -0.38622991E-01
     4934., -0.16524775E-01, -0.11266401E-01,  0.58461489E+00, -0.26519643E+00, -0.91110762E+00, -0.53735387E-01
     4935., -0.12469796E-01, -0.15636630E-01,  0.58461489E+00, -0.26674443E+00, -0.90421038E+00, -0.64073158E-01
     4936., -0.73068205E-02, -0.18617475E-01,  0.58461489E+00, -0.27190882E+00, -0.89938364E+00, -0.68717750E-01
     4937., -0.14946019E-02, -0.19944076E-01,  0.58461489E+00, -0.27889483E+00, -0.89830482E+00, -0.67256470E-01
     4938.,  0.44504187E-02, -0.19498558E-01,  0.58461489E+00, -0.28527466E+00, -0.90134880E+00, -0.59819158E-01
     4939.,  0.10000000E-01, -0.17320508E-01,  0.58461489E+00, -0.28883121E+00, -0.90745774E+00, -0.47066649E-01
     4940.,  0.14661037E-01, -0.13603455E-01,  0.58461489E+00, -0.28832847E+00, -0.91450867E+00, -0.30132061E-01
     4941.,  0.18019377E-01, -0.86776748E-02,  0.58461489E+00, -0.28394116E+00, -0.92005122E+00, -0.10520112E-01
     4942.,  0.19776617E-01, -0.29808453E-02,  0.58461489E+00, -0.27719397E+00, -0.92215922E+00,  0.10026596E-01
     4943.,  0.19776617E-01,  0.29808453E-02,  0.58461489E+00, -0.27043170E+00, -0.92010011E+00,  0.29682401E-01
     4944.,  0.18019377E-01,  0.86776748E-02,  0.58461489E+00, -0.26600438E+00, -0.91458948E+00,  0.46700794E-01
     4945.,  0.14661037E-01,  0.13603455E-01,  0.58461489E+00, -0.26545061E+00, -0.90754239E+00,  0.59569614E-01
     4946.,  0.10000000E-01,  0.17320508E-01,  0.58461489E+00, -0.26896283E+00, -0.90140784E+00,  0.67145414E-01
     4947.,  0.44504187E-02,  0.19498558E-01,  0.58461489E+00, -0.27532047E+00, -0.89831776E+00,  0.68755049E-01
     4948., -0.14946019E-02,  0.19944076E-01,  0.58461489E+00, -0.28231409E+00, -0.89934600E+00,  0.64255497E-01
     4949., -0.73068205E-02,  0.18617475E-01,  0.58461489E+00, -0.28751328E+00, -0.90413521E+00,  0.54046561E-01
     4950., -0.12469796E-01,  0.15636630E-01,  0.58461489E+00, -0.28911118E+00, -0.91102105E+00,  0.39035347E-01
     4951., -0.16524775E-01,  0.11266401E-01,  0.58461489E+00, -0.28655249E+00, -0.91761053E+00,  0.20555676E-01
     4952., -0.19111456E-01,  0.58951035E-02,  0.58461489E+00, -0.28072642E+00, -0.92161365E+00,  0.24954193E-03
     4953., -0.19111456E-01, -0.58951035E-02,  0.58039462E+00, -0.26266198E+00, -0.90007808E+00, -0.48913917E-01
     4954., -0.16524775E-01, -0.11266401E-01,  0.58039462E+00, -0.26010460E+00, -0.89363070E+00, -0.68052944E-01
     4955., -0.12469796E-01, -0.15636630E-01,  0.58039462E+00, -0.26162354E+00, -0.88686299E+00, -0.81145170E-01
     4956., -0.73068205E-02, -0.18617475E-01,  0.58039462E+00, -0.26669094E+00, -0.88212689E+00, -0.87027294E-01
     4957., -0.14946019E-02, -0.19944076E-01,  0.58039462E+00, -0.27354575E+00, -0.88106833E+00, -0.85176661E-01
     4958.,  0.44504187E-02, -0.19498558E-01,  0.58039462E+00, -0.27980578E+00, -0.88405515E+00, -0.75757708E-01
     4959.,  0.10000000E-01, -0.17320508E-01,  0.58039462E+00, -0.28329553E+00, -0.89004937E+00, -0.59607350E-01
     4960.,  0.14661037E-01, -0.13603455E-01,  0.58039462E+00, -0.28280223E+00, -0.89696789E+00, -0.38160615E-01
     4961.,  0.18019377E-01, -0.86776748E-02,  0.58039462E+00, -0.27849731E+00, -0.90240634E+00, -0.13323146E-01
     4962.,  0.19776617E-01, -0.29808453E-02,  0.58039462E+00, -0.27187683E+00, -0.90447476E+00,  0.12698145E-01
     4963.,  0.19776617E-01,  0.29808453E-02,  0.58039462E+00, -0.26524155E+00, -0.90245432E+00,  0.37591154E-01
     4964.,  0.18019377E-01,  0.86776748E-02,  0.58039462E+00, -0.26089738E+00, -0.89704718E+00,  0.59144019E-01
     4965.,  0.14661037E-01,  0.13603455E-01,  0.58039462E+00, -0.26035401E+00, -0.89013242E+00,  0.75441677E-01
     4966.,  0.10000000E-01,  0.17320508E-01,  0.58039462E+00, -0.26380027E+00, -0.88411308E+00,  0.85036015E-01
     4967.,  0.44504187E-02,  0.19498558E-01,  0.58039462E+00, -0.27003852E+00, -0.88108103E+00,  0.87074529E-01
     4968., -0.14946019E-02,  0.19944076E-01,  0.58039462E+00, -0.27690081E+00, -0.88208995E+00,  0.81376088E-01
     4969., -0.73068205E-02,  0.18617475E-01,  0.58039462E+00, -0.28200235E+00, -0.88678922E+00,  0.68447024E-01
     4970., -0.12469796E-01,  0.15636630E-01,  0.58039462E+00, -0.28357025E+00, -0.89354576E+00,  0.49436139E-01
     4971., -0.16524775E-01,  0.11266401E-01,  0.58039462E+00, -0.28105961E+00, -0.90001149E+00,  0.26032639E-01
     4972., -0.19111456E-01,  0.58951035E-02,  0.58039462E+00, -0.27534295E+00, -0.90393943E+00,  0.31602787E-03
     4973., -0.19111456E-01, -0.58951035E-02,  0.57601324E+00, -0.25606003E+00, -0.87747526E+00, -0.59366654E-01
     4974., -0.16524775E-01, -0.11266401E-01,  0.57601324E+00, -0.25356551E+00, -0.87118634E+00, -0.82595625E-01
     4975., -0.12469796E-01, -0.15636630E-01,  0.57601324E+00, -0.25504711E+00, -0.86458495E+00, -0.98485613E-01
     4976., -0.73068205E-02, -0.18617475E-01,  0.57601324E+00, -0.25998997E+00, -0.85996526E+00, -0.10562473E+00
     4977., -0.14946019E-02, -0.19944076E-01,  0.57601324E+00, -0.26667632E+00, -0.85893271E+00, -0.10337862E+00
     4978.,  0.44504187E-02, -0.19498558E-01,  0.57601324E+00, -0.27278249E+00, -0.86184612E+00, -0.91946864E-01
     4979.,  0.10000000E-01, -0.17320508E-01,  0.57601324E+00, -0.27618648E+00, -0.86769302E+00, -0.72345227E-01
     4980.,  0.14661037E-01, -0.13603455E-01,  0.57601324E+00, -0.27570530E+00, -0.87444151E+00, -0.46315401E-01
     4981.,  0.18019377E-01, -0.86776748E-02,  0.57601324E+00, -0.27150618E+00, -0.87974630E+00, -0.16170250E-01
     4982.,  0.19776617E-01, -0.29808453E-02,  0.57601324E+00, -0.26504841E+00, -0.88176388E+00,  0.15411699E-01
     4983.,  0.19776617E-01,  0.29808453E-02,  0.57601324E+00, -0.25857620E+00, -0.87979310E+00,  0.45624258E-01
     4984.,  0.18019377E-01,  0.86776748E-02,  0.57601324E+00, -0.25433880E+00, -0.87451885E+00,  0.71782894E-01
     4985.,  0.14661037E-01,  0.13603455E-01,  0.57601324E+00, -0.25380878E+00, -0.86777404E+00,  0.91563304E-01
     4986.,  0.10000000E-01,  0.17320508E-01,  0.57601324E+00, -0.25717034E+00, -0.86190263E+00,  0.10320791E+00
     4987.,  0.44504187E-02,  0.19498558E-01,  0.57601324E+00, -0.26325528E+00, -0.85894510E+00,  0.10568205E+00
     4988., -0.14946019E-02,  0.19944076E-01,  0.57601324E+00, -0.26994891E+00, -0.85992923E+00,  0.98765870E-01
     4989., -0.73068205E-02,  0.18617475E-01,  0.57601324E+00, -0.27492508E+00, -0.86451300E+00,  0.83073910E-01
     4990., -0.12469796E-01,  0.15636630E-01,  0.57601324E+00, -0.27645444E+00, -0.87110348E+00,  0.60000463E-01
     4991., -0.16524775E-01,  0.11266401E-01,  0.57601324E+00, -0.27400550E+00, -0.87741031E+00,  0.31595717E-01
     4992., -0.19111456E-01,  0.58951035E-02,  0.57601324E+00, -0.26842934E+00, -0.88124171E+00,  0.38355498E-03
     4993., -0.19111456E-01, -0.58951035E-02,  0.57146458E+00, -0.24787636E+00, -0.84945728E+00, -0.69916365E-01
     4994., -0.16524775E-01, -0.11266401E-01,  0.57146458E+00, -0.24545974E+00, -0.84336476E+00, -0.97273222E-01
     4995., -0.12469796E-01, -0.15636630E-01,  0.57146458E+00, -0.24689507E+00, -0.83696953E+00, -0.11598693E+00
     4996., -0.73068205E-02, -0.18617475E-01,  0.57146458E+00, -0.25168357E+00, -0.83249411E+00, -0.12439469E+00
     4997., -0.14946019E-02, -0.19944076E-01,  0.57146458E+00, -0.25816110E+00, -0.83149381E+00, -0.12174943E+00
     4998.,  0.44504187E-02, -0.19498558E-01,  0.57146458E+00, -0.26407659E+00, -0.83431623E+00, -0.10828621E+00
     4999.,  0.10000000E-01, -0.17320508E-01,  0.57146458E+00, -0.26737427E+00, -0.83998054E+00, -0.85201275E-01
     5000.,  0.14661037E-01, -0.13603455E-01,  0.57146458E+00, -0.26690812E+00, -0.84651827E+00, -0.54545835E-01
     5001.,  0.18019377E-01, -0.86776748E-02,  0.57146458E+00, -0.26284014E+00, -0.85165740E+00, -0.19043765E-01
     5002.,  0.19776617E-01, -0.29808453E-02,  0.57146458E+00, -0.25658404E+00, -0.85361198E+00,  0.18150431E-01
     5003.,  0.19776617E-01,  0.29808453E-02,  0.57146458E+00, -0.25031395E+00, -0.85170274E+00,  0.53731889E-01
     5004.,  0.18019377E-01,  0.86776748E-02,  0.57146458E+00, -0.24620888E+00, -0.84659320E+00,  0.84539025E-01
     5005.,  0.14661037E-01,  0.13603455E-01,  0.57146458E+00, -0.24569541E+00, -0.84005902E+00,  0.10783450E+00
     5006.,  0.10000000E-01,  0.17320508E-01,  0.57146458E+00, -0.24895200E+00, -0.83437098E+00,  0.12154840E+00
     5007.,  0.44504187E-02,  0.19498558E-01,  0.57146458E+00, -0.25484690E+00, -0.83150581E+00,  0.12446220E+00
     5008., -0.14946019E-02,  0.19944076E-01,  0.57146458E+00, -0.26133150E+00, -0.83245921E+00,  0.11631698E+00
     5009., -0.73068205E-02,  0.18617475E-01,  0.57146458E+00, -0.26615225E+00, -0.83689984E+00,  0.97836491E-01
     5010., -0.12469796E-01,  0.15636630E-01,  0.57146458E+00, -0.26763385E+00, -0.84328450E+00,  0.70662792E-01
     5011., -0.16524775E-01,  0.11266401E-01,  0.57146458E+00, -0.26526140E+00, -0.84939436E+00,  0.37210403E-01
     5012., -0.19111456E-01,  0.58951035E-02,  0.57146458E+00, -0.25985937E+00, -0.85310611E+00,  0.45170776E-03
     5013., -0.19111456E-01, -0.58951035E-02,  0.56674226E+00, -0.23799205E+00, -0.81561710E+00, -0.80485574E-01
     5014., -0.16524775E-01, -0.11266401E-01,  0.56674226E+00, -0.23566951E+00, -0.80976176E+00, -0.11197794E+00
     5015., -0.12469796E-01, -0.15636630E-01,  0.56674226E+00, -0.23704897E+00, -0.80361551E+00, -0.13352058E+00
     5016., -0.73068205E-02, -0.18617475E-01,  0.56674226E+00, -0.24165105E+00, -0.79931431E+00, -0.14319933E+00
     5017., -0.14946019E-02, -0.19944076E-01,  0.56674226E+00, -0.24787640E+00, -0.79835296E+00, -0.14015420E+00
     5018.,  0.44504187E-02, -0.19498558E-01,  0.56674226E+00, -0.25356159E+00, -0.80106550E+00, -0.12465574E+00
     5019.,  0.10000000E-01, -0.17320508E-01,  0.56674226E+00, -0.25673089E+00, -0.80650930E+00, -0.98081076E-01
     5020.,  0.14661037E-01, -0.13603455E-01,  0.56674226E+00, -0.25628289E+00, -0.81279251E+00, -0.62791476E-01
     5021.,  0.18019377E-01, -0.86776748E-02,  0.56674226E+00, -0.25237327E+00, -0.81773157E+00, -0.21922585E-01
     5022.,  0.19776617E-01, -0.29808453E-02,  0.56674226E+00, -0.24636073E+00, -0.81961005E+00,  0.20894228E-01
     5023.,  0.19776617E-01,  0.29808453E-02,  0.56674226E+00, -0.24033474E+00, -0.81777514E+00,  0.61854505E-01
     5024.,  0.18019377E-01,  0.86776748E-02,  0.56674226E+00, -0.23638949E+00, -0.81286452E+00,  0.97318731E-01
     5025.,  0.14661037E-01,  0.13603455E-01,  0.56674226E+00, -0.23589601E+00, -0.80658472E+00,  0.12413576E+00
     5026.,  0.10000000E-01,  0.17320508E-01,  0.56674226E+00, -0.23902581E+00, -0.80111812E+00,  0.13992278E+00
     5027.,  0.44504187E-02,  0.19498558E-01,  0.56674226E+00, -0.24469123E+00, -0.79836450E+00,  0.14327705E+00
     5028., -0.14946019E-02,  0.19944076E-01,  0.56674226E+00, -0.25092337E+00, -0.79928078E+00,  0.13390053E+00
     5029., -0.73068205E-02,  0.18617475E-01,  0.56674226E+00, -0.25555645E+00, -0.80354853E+00,  0.11262635E+00
     5030., -0.12469796E-01,  0.15636630E-01,  0.56674226E+00, -0.25698037E+00, -0.80968463E+00,  0.81344824E-01
     5031., -0.16524775E-01,  0.11266401E-01,  0.56674226E+00, -0.25470027E+00, -0.81555663E+00,  0.42835463E-01
     5032., -0.19111456E-01,  0.58951035E-02,  0.56674226E+00, -0.24950855E+00, -0.81912388E+00,  0.51998475E-03
     5033., -0.19111456E-01, -0.58951035E-02,  0.56183965E+00, -0.22629262E+00, -0.77556287E+00, -0.90982975E-01
     5034., -0.16524775E-01, -0.11266401E-01,  0.56183965E+00, -0.22408142E+00, -0.76998823E+00, -0.12658275E+00
     5035., -0.12469796E-01, -0.15636630E-01,  0.56183965E+00, -0.22539475E+00, -0.76413663E+00, -0.15093510E+00
     5036., -0.73068205E-02, -0.18617475E-01,  0.56183965E+00, -0.22977621E+00, -0.76004164E+00, -0.16187621E+00
     5037., -0.14946019E-02, -0.19944076E-01,  0.56183965E+00, -0.23570313E+00, -0.75912637E+00, -0.15843390E+00
     5038.,  0.44504187E-02, -0.19498558E-01,  0.56183965E+00, -0.24111577E+00, -0.76170888E+00, -0.14091405E+00
     5039.,  0.10000000E-01, -0.17320508E-01,  0.56183965E+00, -0.24413313E+00, -0.76689170E+00, -0.11087336E+00
     5040.,  0.14661037E-01, -0.13603455E-01,  0.56183965E+00, -0.24370660E+00, -0.77287370E+00, -0.70981087E-01
     5041.,  0.18019377E-01, -0.86776748E-02,  0.56183965E+00, -0.23998441E+00, -0.77757598E+00, -0.24781839E-01
     5042.,  0.19776617E-01, -0.29808453E-02,  0.56183965E+00, -0.23426010E+00, -0.77936440E+00,  0.23619386E-01
     5043.,  0.19776617E-01,  0.29808453E-02,  0.56183965E+00, -0.22852300E+00, -0.77761746E+00,  0.69921937E-01
     5044.,  0.18019377E-01,  0.86776748E-02,  0.56183965E+00, -0.22476688E+00, -0.77294225E+00,  0.11001161E+00
     5045.,  0.14661037E-01,  0.13603455E-01,  0.56183965E+00, -0.22429706E+00, -0.76696350E+00,  0.14032626E+00
     5046.,  0.10000000E-01,  0.17320508E-01,  0.56183965E+00, -0.22727682E+00, -0.76175897E+00,  0.15817231E+00
     5047.,  0.44504187E-02,  0.19498558E-01,  0.56183965E+00, -0.23267064E+00, -0.75913735E+00,  0.16196406E+00
     5048., -0.14946019E-02,  0.19944076E-01,  0.56183965E+00, -0.23860401E+00, -0.76000971E+00,  0.15136460E+00
     5049., -0.73068205E-02,  0.18617475E-01,  0.56183965E+00, -0.24301499E+00, -0.76407287E+00,  0.12731571E+00
     5050., -0.12469796E-01,  0.15636630E-01,  0.56183965E+00, -0.24437065E+00, -0.76991480E+00,  0.91954269E-01
     5051., -0.16524775E-01,  0.11266401E-01,  0.56183965E+00, -0.24219986E+00, -0.77550530E+00,  0.48422295E-01
     5052., -0.19111456E-01,  0.58951035E-02,  0.56183965E+00, -0.23725703E+00, -0.77890154E+00,  0.58778865E-03
     5053., -0.19111456E-01, -0.58951035E-02,  0.55674988E+00, -0.21267144E+00, -0.72892965E+00, -0.10130226E+00
     5054., -0.16524775E-01, -0.11266401E-01,  0.55674988E+00, -0.21058986E+00, -0.72368178E+00, -0.14093976E+00
     5055., -0.12469796E-01, -0.15636630E-01,  0.55674988E+00, -0.21182621E+00, -0.71817317E+00, -0.16805414E+00
     5056., -0.73068205E-02, -0.18617475E-01,  0.55674988E+00, -0.21595084E+00, -0.71431821E+00, -0.18023617E+00
     5057., -0.14946019E-02, -0.19944076E-01,  0.55674988E+00, -0.22153035E+00, -0.71345659E+00, -0.17640344E+00
     5058.,  0.44504187E-02, -0.19498558E-01,  0.55674988E+00, -0.22662573E+00, -0.71588773E+00, -0.15689648E+00
     5059.,  0.10000000E-01, -0.17320508E-01,  0.55674988E+00, -0.22946622E+00, -0.72076675E+00, -0.12344858E+00
     5060.,  0.14661037E-01, -0.13603455E-01,  0.55674988E+00, -0.22906469E+00, -0.72639812E+00, -0.79031733E-01
     5061.,  0.18019377E-01, -0.86776748E-02,  0.55674988E+00, -0.22556068E+00, -0.73082477E+00, -0.27592576E-01
     5062.,  0.19776617E-01, -0.29808453E-02,  0.55674988E+00, -0.22017191E+00, -0.73250836E+00,  0.26298306E-01
     5063.,  0.19776617E-01,  0.29808453E-02,  0.55674988E+00, -0.21477109E+00, -0.73086381E+00,  0.77852481E-01
     5064.,  0.18019377E-01,  0.86776748E-02,  0.55674988E+00, -0.21123514E+00, -0.72646264E+00,  0.12248911E+00
     5065.,  0.14661037E-01,  0.13603455E-01,  0.55674988E+00, -0.21079285E+00, -0.72083435E+00,  0.15624204E+00
     5066.,  0.10000000E-01,  0.17320508E-01,  0.55674988E+00, -0.21359796E+00, -0.71593488E+00,  0.17611219E+00
     5067.,  0.44504187E-02,  0.19498558E-01,  0.55674988E+00, -0.21867561E+00, -0.71346693E+00,  0.18033399E+00
     5068., -0.14946019E-02,  0.19944076E-01,  0.55674988E+00, -0.22426120E+00, -0.71428815E+00,  0.16853233E+00
     5069., -0.73068205E-02,  0.18617475E-01,  0.55674988E+00, -0.22841362E+00, -0.71811315E+00,  0.14175583E+00
     5070., -0.12469796E-01,  0.15636630E-01,  0.55674988E+00, -0.22968981E+00, -0.72361266E+00,  0.10238369E+00
     5071., -0.16524775E-01,  0.11266401E-01,  0.55674988E+00, -0.22764626E+00, -0.72887547E+00,  0.53914325E-01
     5072., -0.19111456E-01,  0.58951035E-02,  0.55674988E+00, -0.22299316E+00, -0.73207263E+00,  0.65443763E-03
     5073., -0.19111456E-01, -0.58951035E-02,  0.55146578E+00, -0.19703387E+00, -0.67539355E+00, -0.11132109E+00
     5074., -0.16524775E-01, -0.11266401E-01,  0.55146578E+00, -0.19510106E+00, -0.67052075E+00, -0.15487873E+00
     5075., -0.12469796E-01, -0.15636630E-01,  0.55146578E+00, -0.19624905E+00, -0.66540584E+00, -0.18467473E+00
     5076., -0.73068205E-02, -0.18617475E-01,  0.55146578E+00, -0.20007890E+00, -0.66182640E+00, -0.19806157E+00
     5077., -0.14946019E-02, -0.19944076E-01,  0.55146578E+00, -0.20525964E+00, -0.66102636E+00, -0.19384976E+00
     5078.,  0.44504187E-02, -0.19498558E-01,  0.55146578E+00, -0.20999084E+00, -0.66328374E+00, -0.17241356E+00
     5079.,  0.10000000E-01, -0.17320508E-01,  0.55146578E+00, -0.21262832E+00, -0.66781406E+00, -0.13565765E+00
     5080.,  0.14661037E-01, -0.13603455E-01,  0.55146578E+00, -0.21225549E+00, -0.67304295E+00, -0.86847965E-01
     5081.,  0.18019377E-01, -0.86776748E-02,  0.55146578E+00, -0.20900191E+00, -0.67715322E+00, -0.30321464E-01
     5082.,  0.19776617E-01, -0.29808453E-02,  0.55146578E+00, -0.20399828E+00, -0.67871649E+00,  0.28899235E-01
     5083.,  0.19776617E-01,  0.29808453E-02,  0.55146578E+00, -0.19898346E+00, -0.67718948E+00,  0.85552127E-01
     5084.,  0.18019377E-01,  0.86776748E-02,  0.55146578E+00, -0.19570022E+00, -0.67310286E+00,  0.13460332E+00
     5085.,  0.14661037E-01,  0.13603455E-01,  0.55146578E+00, -0.19528955E+00, -0.66787682E+00,  0.17169442E+00
     5086.,  0.10000000E-01,  0.17320508E-01,  0.55146578E+00, -0.19789417E+00, -0.66332752E+00,  0.19352972E+00
     5087.,  0.44504187E-02,  0.19498558E-01,  0.55146578E+00, -0.20260892E+00, -0.66103595E+00,  0.19816905E+00
     5088., -0.14946019E-02,  0.19944076E-01,  0.55146578E+00, -0.20779530E+00, -0.66179849E+00,  0.18520019E+00
     5089., -0.73068205E-02,  0.18617475E-01,  0.55146578E+00, -0.21165095E+00, -0.66535011E+00,  0.15577549E+00
     5090., -0.12469796E-01,  0.15636630E-01,  0.55146578E+00, -0.21283593E+00, -0.67045657E+00,  0.11250944E+00
     5091., -0.16524775E-01,  0.11266401E-01,  0.55146578E+00, -0.21093843E+00, -0.67534324E+00,  0.59246441E-01
     5092., -0.19111456E-01,  0.58951035E-02,  0.55146578E+00, -0.20661789E+00, -0.67831190E+00,  0.71914219E-03
     5093., -0.19111456E-01, -0.58951035E-02,  0.54597994E+00, -0.17930214E+00, -0.61468843E+00, -0.12090025E+00
     5094., -0.16524775E-01, -0.11266401E-01,  0.54597994E+00, -0.17753800E+00, -0.61024084E+00, -0.16820601E+00
     5095., -0.12469796E-01, -0.15636630E-01,  0.54597994E+00, -0.17858581E+00, -0.60557229E+00, -0.20056593E+00
     5096., -0.73068205E-02, -0.18617475E-01,  0.54597994E+00, -0.18208145E+00, -0.60230521E+00, -0.21510469E+00
     5097., -0.14946019E-02, -0.19944076E-01,  0.54597994E+00, -0.18681009E+00, -0.60157499E+00, -0.21053046E+00
     5098.,  0.44504187E-02, -0.19498558E-01,  0.54597994E+00, -0.19112843E+00, -0.60363538E+00, -0.18724967E+00
     5099.,  0.10000000E-01, -0.17320508E-01,  0.54597994E+00, -0.19353576E+00, -0.60777036E+00, -0.14733092E+00
     5100.,  0.14661037E-01, -0.13603455E-01,  0.54597994E+00, -0.19319546E+00, -0.61254295E+00, -0.94321174E-01
     5101.,  0.18019377E-01, -0.86776748E-02,  0.54597994E+00, -0.19022580E+00, -0.61629455E+00, -0.32930585E-01
     5102.,  0.19776617E-01, -0.29808453E-02,  0.54597994E+00, -0.18565880E+00, -0.61772140E+00,  0.31386031E-01
     5103.,  0.19776617E-01,  0.29808453E-02,  0.54597994E+00, -0.18108159E+00, -0.61632764E+00,  0.92913876E-01
     5104.,  0.18019377E-01,  0.86776748E-02,  0.54597994E+00, -0.17808486E+00, -0.61259763E+00,  0.14618590E+00
     5105.,  0.14661037E-01,  0.13603455E-01,  0.54597994E+00, -0.17771002E+00, -0.60782764E+00,  0.18646867E+00
     5106.,  0.10000000E-01,  0.17320508E-01,  0.54597994E+00, -0.18008736E+00, -0.60367533E+00,  0.21018288E+00
     5107.,  0.44504187E-02,  0.19498558E-01,  0.54597994E+00, -0.18439068E+00, -0.60158374E+00,  0.21522142E+00
     5108., -0.14946019E-02,  0.19944076E-01,  0.54597994E+00, -0.18912448E+00, -0.60227973E+00,  0.20113659E+00
     5109., -0.73068205E-02,  0.18617475E-01,  0.54597994E+00, -0.19264366E+00, -0.60552142E+00,  0.16917989E+00
     5110., -0.12469796E-01,  0.15636630E-01,  0.54597994E+00, -0.19372523E+00, -0.61018227E+00,  0.12219081E+00
     5111., -0.16524775E-01,  0.11266401E-01,  0.54597994E+00, -0.19199332E+00, -0.61464251E+00,  0.64344555E-01
     5112., -0.19111456E-01,  0.58951035E-02,  0.54597994E+00, -0.18804981E+00, -0.61735211E+00,  0.78100164E-03
     5113., -0.19111456E-01, -0.58951035E-02,  0.54028467E+00, -0.15942106E+00, -0.54662552E+00, -0.12988310E+00
     5114., -0.16524775E-01, -0.11266401E-01,  0.54028467E+00, -0.15784599E+00, -0.54265461E+00, -0.18070365E+00
     5115., -0.12469796E-01, -0.15636630E-01,  0.54028467E+00, -0.15878150E+00, -0.53848642E+00, -0.21546789E+00
     5116., -0.73068205E-02, -0.18617475E-01,  0.54028467E+00, -0.16190249E+00, -0.53556949E+00, -0.23108687E+00
     5117., -0.14946019E-02, -0.19944076E-01,  0.54028467E+00, -0.16612434E+00, -0.53491753E+00, -0.22617276E+00
     5118.,  0.44504187E-02, -0.19498558E-01,  0.54028467E+00, -0.16997986E+00, -0.53675710E+00, -0.20116221E+00
     5119.,  0.10000000E-01, -0.17320508E-01,  0.54028467E+00, -0.17212917E+00, -0.54044892E+00, -0.15827751E+00
     5120.,  0.14661037E-01, -0.13603455E-01,  0.54028467E+00, -0.17182534E+00, -0.54471000E+00, -0.10132916E+00
     5121.,  0.18019377E-01, -0.86776748E-02,  0.54028467E+00, -0.16917396E+00, -0.54805952E+00, -0.35377281E-01
     5122.,  0.19776617E-01, -0.29808453E-02,  0.54028467E+00, -0.16509643E+00, -0.54933344E+00,  0.33718029E-01
     5123.,  0.19776617E-01,  0.29808453E-02,  0.54028467E+00, -0.16100979E+00, -0.54808905E+00,  0.99817357E-01
     5124.,  0.18019377E-01,  0.86776748E-02,  0.54028467E+00, -0.15833424E+00, -0.54475881E+00,  0.15704746E+00
     5125.,  0.14661037E-01,  0.13603455E-01,  0.54028467E+00, -0.15799958E+00, -0.54050005E+00,  0.20032321E+00
     5126.,  0.10000000E-01,  0.17320508E-01,  0.54028467E+00, -0.16012212E+00, -0.53679277E+00,  0.22579936E+00
     5127.,  0.44504187E-02,  0.19498558E-01,  0.54028467E+00, -0.16396423E+00, -0.53492535E+00,  0.23121226E+00
     5128., -0.14946019E-02,  0.19944076E-01,  0.54028467E+00, -0.16819068E+00, -0.53554675E+00,  0.21608093E+00
     5129., -0.73068205E-02,  0.18617475E-01,  0.54028467E+00, -0.17133269E+00, -0.53844101E+00,  0.18174986E+00
     5130., -0.12469796E-01,  0.15636630E-01,  0.54028467E+00, -0.17229834E+00, -0.54260232E+00,  0.13126951E+00
     5131., -0.16524775E-01,  0.11266401E-01,  0.54028467E+00, -0.17075205E+00, -0.54658453E+00,  0.69125296E-01
     5132., -0.19111456E-01,  0.58951035E-02,  0.54028467E+00, -0.16723119E+00, -0.54900372E+00,  0.83900172E-03
     5133., -0.19111456E-01, -0.58951035E-02,  0.53437196E+00, -0.13736465E+00, -0.47111602E+00, -0.13809542E+00
     5134., -0.16524775E-01, -0.11266401E-01,  0.53437196E+00, -0.13599930E+00, -0.46767384E+00, -0.19212927E+00
     5135., -0.12469796E-01, -0.15636630E-01,  0.53437196E+00, -0.13681025E+00, -0.46406064E+00, -0.22909158E+00
     5136., -0.73068205E-02, -0.18617475E-01,  0.53437196E+00, -0.13951568E+00, -0.46153210E+00, -0.24569811E+00
     5137., -0.14946019E-02, -0.19944076E-01,  0.53437196E+00, -0.14317539E+00, -0.46096696E+00, -0.24047329E+00
     5138.,  0.44504187E-02, -0.19498558E-01,  0.53437196E+00, -0.14651755E+00, -0.46256160E+00, -0.21388135E+00
     5139.,  0.10000000E-01, -0.17320508E-01,  0.53437196E+00, -0.14838068E+00, -0.46576185E+00, -0.16828512E+00
     5140.,  0.14661037E-01, -0.13603455E-01,  0.53437196E+00, -0.14811730E+00, -0.46945557E+00, -0.10773601E+00
     5141.,  0.18019377E-01, -0.86776748E-02,  0.53437196E+00, -0.14581894E+00, -0.47235910E+00, -0.37614099E-01
     5142.,  0.19776617E-01, -0.29808453E-02,  0.53437196E+00, -0.14228434E+00, -0.47346340E+00,  0.35849994E-01
     5143.,  0.19776617E-01,  0.29808453E-02,  0.53437196E+00, -0.13874184E+00, -0.47238470E+00,  0.10612867E+00
     5144.,  0.18019377E-01,  0.86776748E-02,  0.53437196E+00, -0.13642254E+00, -0.46949788E+00,  0.16697734E+00
     5145.,  0.14661037E-01,  0.13603455E-01,  0.53437196E+00, -0.13613244E+00, -0.46580618E+00,  0.21298933E+00
     5146.,  0.10000000E-01,  0.17320508E-01,  0.53437196E+00, -0.13797237E+00, -0.46259252E+00,  0.24007630E+00
     5147.,  0.44504187E-02,  0.19498558E-01,  0.53437196E+00, -0.14130290E+00, -0.46097375E+00,  0.24583143E+00
     5148., -0.14946019E-02,  0.19944076E-01,  0.53437196E+00, -0.14496659E+00, -0.46151240E+00,  0.22974336E+00
     5149., -0.73068205E-02,  0.18617475E-01,  0.53437196E+00, -0.14769024E+00, -0.46402129E+00,  0.19324159E+00
     5150., -0.12469796E-01,  0.15636630E-01,  0.53437196E+00, -0.14852732E+00, -0.46762852E+00,  0.13956944E+00
     5151., -0.16524775E-01,  0.11266401E-01,  0.53437196E+00, -0.14718691E+00, -0.47108050E+00,  0.73495945E-01
     5152., -0.19111456E-01,  0.58951035E-02,  0.53437196E+00, -0.14413486E+00, -0.47317757E+00,  0.89201893E-03
     5153., -0.19111456E-01, -0.58951035E-02,  0.52823351E+00, -0.11314359E+00, -0.38819671E+00, -0.14534579E+00
     5154., -0.16524775E-01, -0.11266401E-01,  0.52823351E+00, -0.11200850E+00, -0.38533502E+00, -0.20221654E+00
     5155., -0.12469796E-01, -0.15636630E-01,  0.52823351E+00, -0.11268270E+00, -0.38233116E+00, -0.24111946E+00
     5156., -0.73068205E-02, -0.18617475E-01,  0.52823351E+00, -0.11493189E+00, -0.38022904E+00, -0.25859786E+00
     5157., -0.14946019E-02, -0.19944076E-01,  0.52823351E+00, -0.11797442E+00, -0.37975920E+00, -0.25309871E+00
     5158.,  0.44504187E-02, -0.19498558E-01,  0.52823351E+00, -0.12075295E+00, -0.38108492E+00, -0.22511063E+00
     5159.,  0.10000000E-01, -0.17320508E-01,  0.52823351E+00, -0.12230187E+00, -0.38374549E+00, -0.17712047E+00
     5160.,  0.14661037E-01, -0.13603455E-01,  0.52823351E+00, -0.12208291E+00, -0.38681630E+00, -0.11339239E+00
     5161.,  0.18019377E-01, -0.86776748E-02,  0.52823351E+00, -0.12017215E+00, -0.38923017E+00, -0.39588900E-01
     5162.,  0.19776617E-01, -0.29808453E-02,  0.52823351E+00, -0.11723362E+00, -0.39014824E+00,  0.37732237E-01
     5163.,  0.19776617E-01,  0.29808453E-02,  0.52823351E+00, -0.11428853E+00, -0.38925145E+00,  0.11170072E+00
     5164.,  0.18019377E-01,  0.86776748E-02,  0.52823351E+00, -0.11236036E+00, -0.38685147E+00,  0.17574408E+00
     5165.,  0.14661037E-01,  0.13603455E-01,  0.52823351E+00, -0.11211919E+00, -0.38378233E+00,  0.22417181E+00
     5166.,  0.10000000E-01,  0.17320508E-01,  0.52823351E+00, -0.11364883E+00, -0.38111063E+00,  0.25268090E+00
     5167.,  0.44504187E-02,  0.19498558E-01,  0.52823351E+00, -0.11641770E+00, -0.37976485E+00,  0.25873818E+00
     5168., -0.14946019E-02,  0.19944076E-01,  0.52823351E+00, -0.11946354E+00, -0.38021267E+00,  0.24180544E+00
     5169., -0.73068205E-02,  0.18617475E-01,  0.52823351E+00, -0.12172787E+00, -0.38229845E+00,  0.20338722E+00
     5170., -0.12469796E-01,  0.15636630E-01,  0.52823351E+00, -0.12242378E+00, -0.38529735E+00,  0.14689714E+00
     5171., -0.16524775E-01,  0.11266401E-01,  0.52823351E+00, -0.12130942E+00, -0.38816718E+00,  0.77354628E-01
     5172., -0.19111456E-01,  0.58951035E-02,  0.52823351E+00, -0.11877207E+00, -0.38991060E+00,  0.93881718E-03
     5173., -0.19111456E-01, -0.58951035E-02,  0.52186071E+00, -0.86813622E-01, -0.29805851E+00, -0.15142668E+00
     5174., -0.16524775E-01, -0.11266401E-01,  0.52186071E+00, -0.85928780E-01, -0.29582771E+00, -0.21067673E+00
     5175., -0.12469796E-01, -0.15636630E-01,  0.52186071E+00, -0.86454343E-01, -0.29348609E+00, -0.25120723E+00
     5176., -0.73068205E-02, -0.18617475E-01,  0.52186071E+00, -0.88207672E-01, -0.29184741E+00, -0.26941687E+00
     5177., -0.14946019E-02, -0.19944076E-01,  0.52186071E+00, -0.90579441E-01, -0.29148116E+00, -0.26368764E+00
     5178.,  0.44504187E-02, -0.19498558E-01,  0.52186071E+00, -0.92745406E-01, -0.29251462E+00, -0.23452861E+00
     5179.,  0.10000000E-01, -0.17320508E-01,  0.52186071E+00, -0.93952850E-01, -0.29458863E+00, -0.18453067E+00
     5180.,  0.14661037E-01, -0.13603455E-01,  0.52186071E+00, -0.93782156E-01, -0.29698244E+00, -0.11813638E+00
     5181.,  0.18019377E-01, -0.86776748E-02,  0.52186071E+00, -0.92292642E-01, -0.29886414E+00, -0.41245158E-01
     5182.,  0.19776617E-01, -0.29808453E-02,  0.52186071E+00, -0.90001949E-01, -0.29957981E+00,  0.39310881E-01
     5183.,  0.19776617E-01,  0.29808453E-02,  0.52186071E+00, -0.87706139E-01, -0.29888073E+00,  0.11637399E+00
     5184.,  0.18019377E-01,  0.86776748E-02,  0.52186071E+00, -0.86203061E-01, -0.29700985E+00,  0.18309675E+00
     5185.,  0.14661037E-01,  0.13603455E-01,  0.52186071E+00, -0.86015058E-01, -0.29461734E+00,  0.23355055E+00
     5186.,  0.10000000E-01,  0.17320508E-01,  0.52186071E+00, -0.87207468E-01, -0.29253465E+00,  0.26325236E+00
     5187.,  0.44504187E-02,  0.19498558E-01,  0.52186071E+00, -0.89365904E-01, -0.29148557E+00,  0.26956305E+00
     5188., -0.14946019E-02,  0.19944076E-01,  0.52186071E+00, -0.91740253E-01, -0.29183466E+00,  0.25192188E+00
     5189., -0.73068205E-02,  0.18617475E-01,  0.52186071E+00, -0.93505383E-01, -0.29346060E+00,  0.21189634E+00
     5190., -0.12469796E-01,  0.15636630E-01,  0.52186071E+00, -0.94047871E-01, -0.29579836E+00,  0.15304288E+00
     5191., -0.16524775E-01,  0.11266401E-01,  0.52186071E+00, -0.93179187E-01, -0.29803549E+00,  0.80590891E-01
     5192., -0.19111456E-01,  0.58951035E-02,  0.52186071E+00, -0.91201223E-01, -0.29939455E+00,  0.97805639E-03
     5193., -0.19111456E-01, -0.58951035E-02,  0.51524461E+00, -0.58484611E-01, -0.20107778E+00, -0.15611641E+00
     5194., -0.16524775E-01, -0.11266401E-01,  0.51524461E+00, -0.57868952E-01, -0.19952562E+00, -0.21720143E+00
     5195., -0.12469796E-01, -0.15636630E-01,  0.51524461E+00, -0.58234637E-01, -0.19789634E+00, -0.25898715E+00
     5196., -0.73068205E-02, -0.18617475E-01,  0.51524461E+00, -0.59454586E-01, -0.19675617E+00, -0.27776073E+00
     5197., -0.14946019E-02, -0.19944076E-01,  0.51524461E+00, -0.61104838E-01, -0.19650134E+00, -0.27185406E+00
     5198.,  0.44504187E-02, -0.19498558E-01,  0.51524461E+00, -0.62611894E-01, -0.19722041E+00, -0.24179196E+00
     5199.,  0.10000000E-01, -0.17320508E-01,  0.51524461E+00, -0.63452018E-01, -0.19866349E+00, -0.19024557E+00
     5200.,  0.14661037E-01, -0.13603455E-01,  0.51524461E+00, -0.63333247E-01, -0.20032908E+00, -0.12179504E+00
     5201.,  0.18019377E-01, -0.86776748E-02,  0.51524461E+00, -0.62296854E-01, -0.20163835E+00, -0.42522487E-01
     5202.,  0.19776617E-01, -0.29808453E-02,  0.51524461E+00, -0.60703009E-01, -0.20213630E+00,  0.40528377E-01
     5203.,  0.19776617E-01,  0.29808453E-02,  0.51524461E+00, -0.59105608E-01, -0.20164989E+00,  0.11997814E+00
     5204.,  0.18019377E-01,  0.86776748E-02,  0.51524461E+00, -0.58059780E-01, -0.20034815E+00,  0.18876729E+00
     5205.,  0.14661037E-01,  0.13603455E-01,  0.51524461E+00, -0.57928970E-01, -0.19868346E+00,  0.24078364E+00
     5206.,  0.10000000E-01,  0.17320508E-01,  0.51524461E+00, -0.58758637E-01, -0.19723435E+00,  0.27140532E+00
     5207.,  0.44504187E-02,  0.19498558E-01,  0.51524461E+00, -0.60260453E-01, -0.19650441E+00,  0.27791144E+00
     5208., -0.14946019E-02,  0.19944076E-01,  0.51524461E+00, -0.61912500E-01, -0.19674730E+00,  0.25972391E+00
     5209., -0.73068205E-02,  0.18617475E-01,  0.51524461E+00, -0.63140657E-01, -0.19787862E+00,  0.21845877E+00
     5210., -0.12469796E-01,  0.15636630E-01,  0.51524461E+00, -0.63518112E-01, -0.19950520E+00,  0.15778259E+00
     5211., -0.16524775E-01,  0.11266401E-01,  0.51524461E+00, -0.62913690E-01, -0.20106177E+00,  0.83086761E-01
     5212., -0.19111456E-01,  0.58951035E-02,  0.51524461E+00, -0.61537445E-01, -0.20200739E+00,  0.10083102E-02
     5213., -0.19111456E-01, -0.58951035E-02,  0.50837592E+00, -0.28330382E-01, -0.97849787E-01, -0.15918221E+00
     5214., -0.16524775E-01, -0.11266401E-01,  0.50837592E+00, -0.28001177E-01, -0.97019796E-01, -0.22146680E+00
     5215., -0.12469796E-01, -0.15636630E-01,  0.50837592E+00, -0.28196726E-01, -0.96148575E-01, -0.26407309E+00
     5216., -0.73068205E-02, -0.18617475E-01,  0.50837592E+00, -0.28849076E-01, -0.95538894E-01, -0.28321533E+00
     5217., -0.14946019E-02, -0.19944076E-01,  0.50837592E+00, -0.29731521E-01, -0.95402635E-01, -0.27719265E+00
     5218.,  0.44504187E-02, -0.19498558E-01,  0.50837592E+00, -0.30537390E-01, -0.95787150E-01, -0.24654019E+00
     5219.,  0.10000000E-01, -0.17320508E-01,  0.50837592E+00, -0.30986628E-01, -0.96558814E-01, -0.19398154E+00
     5220.,  0.14661037E-01, -0.13603455E-01,  0.50837592E+00, -0.30923113E-01, -0.97449462E-01, -0.12418678E+00
     5221.,  0.18019377E-01, -0.86776748E-02,  0.50837592E+00, -0.30368912E-01, -0.98149572E-01, -0.43357492E-01
     5222.,  0.19776617E-01, -0.29808453E-02,  0.50837592E+00, -0.29516625E-01, -0.98415840E-01,  0.41324301E-01
     5223.,  0.19776617E-01,  0.29808453E-02,  0.50837592E+00, -0.28662438E-01, -0.98155735E-01,  0.12233427E+00
     5224.,  0.18019377E-01,  0.86776748E-02,  0.50837592E+00, -0.28103199E-01, -0.97459649E-01,  0.19247429E+00
     5225.,  0.14661037E-01,  0.13603455E-01,  0.50837592E+00, -0.28033251E-01, -0.96569485E-01,  0.24551211E+00
     5226.,  0.10000000E-01,  0.17320508E-01,  0.50837592E+00, -0.28476903E-01, -0.95794597E-01,  0.27673512E+00
     5227.,  0.44504187E-02,  0.19498558E-01,  0.50837592E+00, -0.29279973E-01, -0.95404274E-01,  0.28336899E+00
     5228., -0.14946019E-02,  0.19944076E-01,  0.50837592E+00, -0.30163375E-01, -0.95534160E-01,  0.26482429E+00
     5229., -0.73068205E-02,  0.18617475E-01,  0.50837592E+00, -0.30820108E-01, -0.96139111E-01,  0.22274878E+00
     5230., -0.12469796E-01,  0.15636630E-01,  0.50837592E+00, -0.31021943E-01, -0.97008895E-01,  0.16088106E+00
     5231., -0.16524775E-01,  0.11266401E-01,  0.50837592E+00, -0.30698739E-01, -0.97841241E-01,  0.84718362E-01
     5232., -0.19111456E-01,  0.58951035E-02,  0.50837592E+00, -0.29962818E-01, -0.98346886E-01,  0.10280733E-02
     5233., -0.19111456E-01, -0.58951035E-02,  0.50124499E+00,  0.34011354E-02,  0.10776516E-01, -0.16038466E+00
     5234., -0.16524775E-01, -0.11266401E-01,  0.50124499E+00,  0.34289862E-02,  0.10846768E-01, -0.22313972E+00
     5235., -0.12469796E-01, -0.15636630E-01,  0.50124499E+00,  0.34124218E-02,  0.10920504E-01, -0.26606783E+00
     5236., -0.73068205E-02, -0.18617475E-01,  0.50124499E+00,  0.33571960E-02,  0.10972098E-01, -0.28535466E+00
     5237., -0.14946019E-02, -0.19944076E-01,  0.50124499E+00,  0.32825005E-02,  0.10983617E-01, -0.27928647E+00
     5238.,  0.44504187E-02, -0.19498558E-01,  0.50124499E+00,  0.32142930E-02,  0.10951058E-01, -0.24840246E+00
     5239.,  0.10000000E-01, -0.17320508E-01,  0.50124499E+00,  0.31762776E-02,  0.10885731E-01, -0.19544679E+00
     5240.,  0.14661037E-01, -0.13603455E-01,  0.50124499E+00,  0.31816659E-02,  0.10810338E-01, -0.12512481E+00
     5241.,  0.18019377E-01, -0.86776748E-02,  0.50124499E+00,  0.32285879E-02,  0.10751078E-01, -0.43684963E-01
     5242.,  0.19776617E-01, -0.29808453E-02,  0.50124499E+00,  0.33007399E-02,  0.10728546E-01,  0.41636491E-01
     5243.,  0.19776617E-01,  0.29808453E-02,  0.50124499E+00,  0.33730476E-02,  0.10750570E-01,  0.12325838E+00
     5244.,  0.18019377E-01,  0.86776748E-02,  0.50124499E+00,  0.34203855E-02,  0.10809497E-01,  0.19392820E+00
     5245.,  0.14661037E-01,  0.13603455E-01,  0.50124499E+00,  0.34263052E-02,  0.10884849E-01,  0.24736665E+00
     5246.,  0.10000000E-01,  0.17320508E-01,  0.50124499E+00,  0.33887504E-02,  0.10950440E-01,  0.27882549E+00
     5247.,  0.44504187E-02,  0.19498558E-01,  0.50124499E+00,  0.33207738E-02,  0.10983477E-01,  0.28550947E+00
     5248., -0.14946019E-02,  0.19944076E-01,  0.50124499E+00,  0.32460013E-02,  0.10972479E-01,  0.26682468E+00
     5249., -0.73068205E-02,  0.18617475E-01,  0.50124499E+00,  0.31904167E-02,  0.10921276E-01,  0.22443133E+00
     5250., -0.12469796E-01,  0.15636630E-01,  0.50124499E+00,  0.31733381E-02,  0.10847659E-01,  0.16209627E+00
     5251., -0.16524775E-01,  0.11266401E-01,  0.50124499E+00,  0.32006961E-02,  0.10777215E-01,  0.85358265E-01
     5252., -0.19111456E-01,  0.58951035E-02,  0.50124499E+00,  0.32629824E-02,  0.10734426E-01,  0.10358033E-02
     5253., -0.19111456E-01, -0.58951035E-02,  0.49384182E+00,  0.36377708E-01,  0.12366359E+00, -0.15948356E+00
     5254., -0.16524775E-01, -0.11266401E-01,  0.49384182E+00,  0.36092473E-01,  0.12294453E+00, -0.22188602E+00
     5255., -0.12469796E-01, -0.15636630E-01,  0.49384182E+00,  0.36261861E-01,  0.12218974E+00, -0.26457293E+00
     5256., -0.73068205E-02, -0.18617475E-01,  0.49384182E+00,  0.36827006E-01,  0.12166152E+00, -0.28375139E+00
     5257., -0.14946019E-02, -0.19944076E-01,  0.49384182E+00,  0.37591504E-01,  0.12154344E+00, -0.27771728E+00
     5258.,  0.44504187E-02, -0.19498558E-01,  0.49384182E+00,  0.38289675E-01,  0.12187654E+00, -0.24700678E+00
     5259.,  0.10000000E-01, -0.17320508E-01,  0.49384182E+00,  0.38678889E-01,  0.12254505E+00, -0.19434863E+00
     5260.,  0.14661037E-01, -0.13603455E-01,  0.49384182E+00,  0.38623887E-01,  0.12331665E+00, -0.12442176E+00
     5261.,  0.18019377E-01, -0.86776748E-02,  0.49384182E+00,  0.38143784E-01,  0.12392318E+00, -0.43439481E-01
     5262.,  0.19776617E-01, -0.29808453E-02,  0.49384182E+00,  0.37405429E-01,  0.12415388E+00,  0.41402591E-01
     5263.,  0.19776617E-01,  0.29808453E-02,  0.49384182E+00,  0.36665418E-01,  0.12392855E+00,  0.12256588E+00
     5264.,  0.18019377E-01,  0.86776748E-02,  0.49384182E+00,  0.36180926E-01,  0.12332551E+00,  0.19283864E+00
     5265.,  0.14661037E-01,  0.13603455E-01,  0.49384182E+00,  0.36120323E-01,  0.12255433E+00,  0.24597683E+00
     5266.,  0.10000000E-01,  0.17320508E-01,  0.49384182E+00,  0.36504675E-01,  0.12188301E+00,  0.27725891E+00
     5267.,  0.44504187E-02,  0.19498558E-01,  0.49384182E+00,  0.37200411E-01,  0.12154485E+00,  0.28390532E+00
     5268., -0.14946019E-02,  0.19944076E-01,  0.49384182E+00,  0.37965748E-01,  0.12165737E+00,  0.26532550E+00
     5269., -0.73068205E-02,  0.18617475E-01,  0.49384182E+00,  0.38534714E-01,  0.12218148E+00,  0.22317034E+00
     5270., -0.12469796E-01,  0.15636630E-01,  0.49384182E+00,  0.38709583E-01,  0.12293502E+00,  0.16118550E+00
     5271., -0.16524775E-01,  0.11266401E-01,  0.49384182E+00,  0.38429579E-01,  0.12365614E+00,  0.84878644E-01
     5272., -0.19111456E-01,  0.58951035E-02,  0.49384182E+00,  0.37792009E-01,  0.12409423E+00,  0.10299485E-02
     5273., -0.19111456E-01, -0.58951035E-02,  0.48615601E+00,  0.70173086E-01,  0.23935209E+00, -0.15624577E+00
     5274., -0.16524775E-01, -0.11266401E-01,  0.48615601E+00,  0.69567098E-01,  0.23782438E+00, -0.21738133E+00
     5275., -0.12469796E-01, -0.15636630E-01,  0.48615601E+00,  0.69926996E-01,  0.23622076E+00, -0.25920160E+00
     5276., -0.73068205E-02, -0.18617475E-01,  0.48615601E+00,  0.71127710E-01,  0.23509852E+00, -0.27799069E+00
     5277., -0.14946019E-02, -0.19944076E-01,  0.48615601E+00,  0.72751960E-01,  0.23484768E+00, -0.27207907E+00
     5278.,  0.44504187E-02, -0.19498558E-01,  0.48615601E+00,  0.74235282E-01,  0.23555539E+00, -0.24199204E+00
     5279.,  0.10000000E-01, -0.17320508E-01,  0.48615601E+00,  0.75062192E-01,  0.23697571E+00, -0.19040295E+00
     5280.,  0.14661037E-01, -0.13603455E-01,  0.48615601E+00,  0.74945319E-01,  0.23861505E+00, -0.12189572E+00
     5281.,  0.18019377E-01, -0.86776748E-02,  0.48615601E+00,  0.73925279E-01,  0.23990369E+00, -0.42557538E-01
     5282.,  0.19776617E-01, -0.29808453E-02,  0.48615601E+00,  0.72356562E-01,  0.24039381E+00,  0.40562076E-01
     5283.,  0.19776617E-01,  0.29808453E-02,  0.48615601E+00,  0.70784333E-01,  0.23991507E+00,  0.12007759E+00
     5284.,  0.18019377E-01,  0.86776748E-02,  0.48615601E+00,  0.69754982E-01,  0.23863385E+00,  0.18892367E+00
     5285.,  0.14661037E-01,  0.13603455E-01,  0.48615601E+00,  0.69626229E-01,  0.23699540E+00,  0.24098304E+00
     5286.,  0.10000000E-01,  0.17320508E-01,  0.48615601E+00,  0.70442823E-01,  0.23556912E+00,  0.27163003E+00
     5287.,  0.44504187E-02,  0.19498558E-01,  0.48615601E+00,  0.71920981E-01,  0.23485068E+00,  0.27814149E+00
     5288., -0.14946019E-02,  0.19944076E-01,  0.48615601E+00,  0.73547008E-01,  0.23508975E+00,  0.25993886E+00
     5289., -0.73068205E-02,  0.18617475E-01,  0.48615601E+00,  0.74755824E-01,  0.23620325E+00,  0.21863953E+00
     5290., -0.12469796E-01,  0.15636630E-01,  0.48615601E+00,  0.75127340E-01,  0.23780422E+00,  0.15791309E+00
     5291., -0.16524775E-01,  0.11266401E-01,  0.48615601E+00,  0.74532442E-01,  0.23933629E+00,  0.83155407E-01
     5292., -0.19111456E-01,  0.58951035E-02,  0.48615601E+00,  0.73177870E-01,  0.24026703E+00,  0.10090002E-02
     5293., -0.19111456E-01, -0.58951035E-02,  0.47817676E+00,  0.10425847E+00,  0.35603158E+00, -0.15045492E+00
     5294., -0.16524775E-01, -0.11266401E-01,  0.47817676E+00,  0.10332909E+00,  0.35368857E+00, -0.20932462E+00
     5295., -0.12469796E-01, -0.15636630E-01,  0.47817676E+00,  0.10388107E+00,  0.35122914E+00, -0.24959491E+00
     5296., -0.73068205E-02, -0.18617475E-01,  0.47817676E+00,  0.10572257E+00,  0.34950801E+00, -0.26768761E+00
     5297., -0.14946019E-02, -0.19944076E-01,  0.47817676E+00,  0.10821364E+00,  0.34912330E+00, -0.26199509E+00
     5298.,  0.44504187E-02, -0.19498558E-01,  0.47817676E+00,  0.11048857E+00,  0.35020871E+00, -0.23302315E+00
     5299.,  0.10000000E-01, -0.17320508E-01,  0.47817676E+00,  0.11175677E+00,  0.35238702E+00, -0.18334608E+00
     5300.,  0.14661037E-01, -0.13603455E-01,  0.47817676E+00,  0.11157751E+00,  0.35490123E+00, -0.11737791E+00
     5301.,  0.18019377E-01, -0.86776748E-02,  0.47817676E+00,  0.11001310E+00,  0.35687759E+00, -0.40980202E-01
     5302.,  0.19776617E-01, -0.29808453E-02,  0.47817676E+00,  0.10760720E+00,  0.35762927E+00,  0.39058778E-01
     5303.,  0.19776617E-01,  0.29808453E-02,  0.47817676E+00,  0.10519591E+00,  0.35689504E+00,  0.11562723E+00
     5304.,  0.18019377E-01,  0.86776748E-02,  0.47817676E+00,  0.10361723E+00,  0.35493006E+00,  0.18192168E+00
     5305.,  0.14661037E-01,  0.13603455E-01,  0.47817676E+00,  0.10341976E+00,  0.35241722E+00,  0.23205159E+00
     5306.,  0.10000000E-01,  0.17320508E-01,  0.47817676E+00,  0.10467215E+00,  0.35022976E+00,  0.26156270E+00
     5307.,  0.44504187E-02,  0.19498558E-01,  0.47817676E+00,  0.10693916E+00,  0.34912791E+00,  0.26783282E+00
     5308., -0.14946019E-02,  0.19944076E-01,  0.47817676E+00,  0.10943295E+00,  0.34949457E+00,  0.25030482E+00
     5309., -0.73068205E-02,  0.18617475E-01,  0.47817676E+00,  0.11128688E+00,  0.35120231E+00,  0.21053613E+00
     5310., -0.12469796E-01,  0.15636630E-01,  0.47817676E+00,  0.11185666E+00,  0.35365767E+00,  0.15206037E+00
     5311., -0.16524775E-01,  0.11266401E-01,  0.47817676E+00,  0.11094428E+00,  0.35600736E+00,  0.80073400E-01
     5312., -0.19111456E-01,  0.58951035E-02,  0.47817676E+00,  0.10886681E+00,  0.35743480E+00,  0.97155702E-03
     5313., -0.19111456E-01, -0.58951035E-02,  0.46989289E+00,  0.13799598E+00,  0.47151829E+00, -0.14192343E+00
     5314., -0.16524775E-01, -0.11266401E-01,  0.46989289E+00,  0.13674664E+00,  0.46836863E+00, -0.19745493E+00
     5315., -0.12469796E-01, -0.15636630E-01,  0.46989289E+00,  0.13748865E+00,  0.46506248E+00, -0.23544168E+00
     5316., -0.73068205E-02, -0.18617475E-01,  0.46989289E+00,  0.13996416E+00,  0.46274879E+00, -0.25250842E+00
     5317., -0.14946019E-02, -0.19944076E-01,  0.46989289E+00,  0.14331285E+00,  0.46223164E+00, -0.24713868E+00
     5318.,  0.44504187E-02, -0.19498558E-01,  0.46989289E+00,  0.14637099E+00,  0.46369074E+00, -0.21980958E+00
     5319.,  0.10000000E-01, -0.17320508E-01,  0.46989289E+00,  0.14807580E+00,  0.46661901E+00, -0.17294943E+00
     5320.,  0.14661037E-01, -0.13603455E-01,  0.46989289E+00,  0.14783483E+00,  0.46999882E+00, -0.11072196E+00
     5321.,  0.18019377E-01, -0.86776748E-02,  0.46989289E+00,  0.14573182E+00,  0.47265560E+00, -0.38656378E-01
     5322.,  0.19776617E-01, -0.29808453E-02,  0.46989289E+00,  0.14249760E+00,  0.47366606E+00,  0.36844005E-01
     5323.,  0.19776617E-01,  0.29808453E-02,  0.46989289E+00,  0.13925616E+00,  0.47267905E+00,  0.10907065E+00
     5324.,  0.18019377E-01,  0.86776748E-02,  0.46989289E+00,  0.13713396E+00,  0.47003757E+00,  0.17160588E+00
     5325.,  0.14661037E-01,  0.13603455E-01,  0.46989289E+00,  0.13686852E+00,  0.46665960E+00,  0.21889316E+00
     5326.,  0.10000000E-01,  0.17320508E-01,  0.46989289E+00,  0.13855208E+00,  0.46371905E+00,  0.24673084E+00
     5327.,  0.44504187E-02,  0.19498558E-01,  0.46989289E+00,  0.14159958E+00,  0.46223785E+00,  0.25264540E+00
     5328., -0.14946019E-02,  0.19944076E-01,  0.46989289E+00,  0.14495193E+00,  0.46273073E+00,  0.23611130E+00
     5329., -0.73068205E-02,  0.18617475E-01,  0.46989289E+00,  0.14744412E+00,  0.46502641E+00,  0.19859768E+00
     5330., -0.12469796E-01,  0.15636630E-01,  0.46989289E+00,  0.14821007E+00,  0.46832711E+00,  0.14343777E+00
     5331., -0.16524775E-01,  0.11266401E-01,  0.46989289E+00,  0.14698358E+00,  0.47148574E+00,  0.75532802E-01
     5332., -0.19111456E-01,  0.58951035E-02,  0.46989289E+00,  0.14419088E+00,  0.47340462E+00,  0.91641626E-03
     5333., -0.19111456E-01, -0.58951035E-02,  0.46129275E+00,  0.17063532E+00,  0.58324370E+00, -0.13050684E+00
     5334., -0.16524775E-01, -0.11266401E-01,  0.46129275E+00,  0.16907658E+00,  0.57931400E+00, -0.18157124E+00
     5335., -0.12469796E-01, -0.15636630E-01,  0.46129275E+00,  0.17000235E+00,  0.57518905E+00, -0.21650224E+00
     5336., -0.73068205E-02, -0.18617475E-01,  0.46129275E+00,  0.17309093E+00,  0.57230237E+00, -0.23219608E+00
     5337., -0.14946019E-02, -0.19944076E-01,  0.46129275E+00,  0.17726896E+00,  0.57165716E+00, -0.22725828E+00
     5338.,  0.44504187E-02, -0.19498558E-01,  0.46129275E+00,  0.18108446E+00,  0.57347761E+00, -0.20212758E+00
     5339.,  0.10000000E-01, -0.17320508E-01,  0.46129275E+00,  0.18321149E+00,  0.57713109E+00, -0.15903695E+00
     5340.,  0.14661037E-01, -0.13603455E-01,  0.46129275E+00,  0.18291083E+00,  0.58134794E+00, -0.10181519E+00
     5341.,  0.18019377E-01, -0.86776748E-02,  0.46129275E+00,  0.18028699E+00,  0.58466269E+00, -0.35546715E-01
     5342.,  0.19776617E-01, -0.29808453E-02,  0.46129275E+00,  0.17625180E+00,  0.58592339E+00,  0.33880246E-01
     5343.,  0.19776617E-01,  0.29808453E-02,  0.46129275E+00,  0.17220759E+00,  0.58469194E+00,  0.10029681E+00
     5344.,  0.18019377E-01,  0.86776748E-02,  0.46129275E+00,  0.16955982E+00,  0.58139628E+00,  0.15780156E+00
     5345.,  0.14661037E-01,  0.13603455E-01,  0.46129275E+00,  0.16922863E+00,  0.57718173E+00,  0.20128493E+00
     5346.,  0.10000000E-01,  0.17320508E-01,  0.46129275E+00,  0.17132914E+00,  0.57351293E+00,  0.22688326E+00
     5347.,  0.44504187E-02,  0.19498558E-01,  0.46129275E+00,  0.17513137E+00,  0.57166490E+00,  0.23232202E+00
     5348., -0.14946019E-02,  0.19944076E-01,  0.46129275E+00,  0.17931395E+00,  0.57227985E+00,  0.21711795E+00
     5349., -0.73068205E-02,  0.18617475E-01,  0.46129275E+00,  0.18242336E+00,  0.57514407E+00,  0.18262199E+00
     5350., -0.12469796E-01,  0.15636630E-01,  0.46129275E+00,  0.18337899E+00,  0.57926220E+00,  0.13189926E+00
     5351., -0.16524775E-01,  0.11266401E-01,  0.46129275E+00,  0.18184875E+00,  0.58320309E+00,  0.69456717E-01
     5352., -0.19111456E-01,  0.58951035E-02,  0.46129275E+00,  0.17836443E+00,  0.58559719E+00,  0.84264026E-03
     5353., -0.19111456E-01, -0.58951035E-02,  0.45236427E+00,  0.20131491E+00,  0.68825840E+00, -0.11612033E+00
     5354., -0.16524775E-01, -0.11266401E-01,  0.45236427E+00,  0.19946550E+00,  0.68359591E+00, -0.16155558E+00
     5355., -0.12469796E-01, -0.15636630E-01,  0.45236427E+00,  0.20056391E+00,  0.67870176E+00, -0.19263591E+00
     5356., -0.73068205E-02, -0.18617475E-01,  0.45236427E+00,  0.20422845E+00,  0.67527678E+00, -0.20659969E+00
     5357., -0.14946019E-02, -0.19944076E-01,  0.45236427E+00,  0.20918558E+00,  0.67451126E+00, -0.20220619E+00
     5358.,  0.44504187E-02, -0.19498558E-01,  0.45236427E+00,  0.21371258E+00,  0.67667119E+00, -0.17984578E+00
     5359.,  0.10000000E-01, -0.17320508E-01,  0.45236427E+00,  0.21623624E+00,  0.68100596E+00, -0.14150528E+00
     5360.,  0.14661037E-01, -0.13603455E-01,  0.45236427E+00,  0.21587952E+00,  0.68600915E+00, -0.90591414E-01
     5361.,  0.18019377E-01, -0.86776748E-02,  0.45236427E+00,  0.21276639E+00,  0.68994202E+00, -0.31628111E-01
     5362.,  0.19776617E-01, -0.29808453E-02,  0.45236427E+00,  0.20797873E+00,  0.69143782E+00,  0.30145493E-01
     5363.,  0.19776617E-01,  0.29808453E-02,  0.45236427E+00,  0.20318037E+00,  0.68997672E+00,  0.89240550E-01
     5364.,  0.18019377E-01,  0.86776748E-02,  0.45236427E+00,  0.20003885E+00,  0.68606649E+00,  0.14040618E+00
     5365.,  0.14661037E-01,  0.13603455E-01,  0.45236427E+00,  0.19964591E+00,  0.68106603E+00,  0.17909610E+00
     5366.,  0.10000000E-01,  0.17320508E-01,  0.45236427E+00,  0.20213811E+00,  0.67671309E+00,  0.20187255E+00
     5367.,  0.44504187E-02,  0.19498558E-01,  0.45236427E+00,  0.20664937E+00,  0.67452044E+00,  0.20671174E+00
     5368., -0.14946019E-02,  0.19944076E-01,  0.45236427E+00,  0.21161191E+00,  0.67525006E+00,  0.19318369E+00
     5369., -0.73068205E-02,  0.18617475E-01,  0.45236427E+00,  0.21530114E+00,  0.67864839E+00,  0.16249041E+00
     5370., -0.12469796E-01,  0.15636630E-01,  0.45236427E+00,  0.21643498E+00,  0.68353446E+00,  0.11735914E+00
     5371., -0.16524775E-01,  0.11266401E-01,  0.45236427E+00,  0.21461938E+00,  0.68821023E+00,  0.61800011E-01
     5372., -0.19111456E-01,  0.58951035E-02,  0.45236427E+00,  0.21048531E+00,  0.69105077E+00,  0.74968256E-03
     5373., -0.19111456E-01, -0.58951035E-02,  0.44309492E+00,  0.22906909E+00,  0.78325682E+00, -0.98757495E-01
     5374., -0.16524775E-01, -0.11266401E-01,  0.44309492E+00,  0.22695691E+00,  0.77793185E+00, -0.13739901E+00
     5375., -0.12469796E-01, -0.15636630E-01,  0.44309492E+00,  0.22821140E+00,  0.77234232E+00, -0.16383202E+00
     5376., -0.73068205E-02, -0.18617475E-01,  0.44309492E+00,  0.23239661E+00,  0.76843071E+00, -0.17570784E+00
     5377., -0.14946019E-02, -0.19944076E-01,  0.44309492E+00,  0.23805807E+00,  0.76755642E+00, -0.17197125E+00
     5378.,  0.44504187E-02, -0.19498558E-01,  0.44309492E+00,  0.24322829E+00,  0.77002324E+00, -0.15295426E+00
     5379.,  0.10000000E-01, -0.17320508E-01,  0.44309492E+00,  0.24611053E+00,  0.77497392E+00, -0.12034660E+00
     5380.,  0.14661037E-01, -0.13603455E-01,  0.44309492E+00,  0.24570312E+00,  0.78068799E+00, -0.77045628E-01
     5381.,  0.18019377E-01, -0.86776748E-02,  0.44309492E+00,  0.24214766E+00,  0.78517966E+00, -0.26898818E-01
     5382.,  0.19776617E-01, -0.29808453E-02,  0.44309492E+00,  0.23667975E+00,  0.78688799E+00,  0.25638074E-01
     5383.,  0.19776617E-01,  0.29808453E-02,  0.44309492E+00,  0.23119961E+00,  0.78521929E+00,  0.75896922E-01
     5384.,  0.18019377E-01,  0.86776748E-02,  0.44309492E+00,  0.22761173E+00,  0.78075348E+00,  0.11941199E+00
     5385.,  0.14661037E-01,  0.13603455E-01,  0.44309492E+00,  0.22716296E+00,  0.77504252E+00,  0.15231677E+00
     5386.,  0.10000000E-01,  0.17320508E-01,  0.44309492E+00,  0.23000926E+00,  0.77007109E+00,  0.17168754E+00
     5387.,  0.44504187E-02,  0.19498558E-01,  0.44309492E+00,  0.23516150E+00,  0.76756690E+00,  0.17580312E+00
     5388., -0.14946019E-02,  0.19944076E-01,  0.44309492E+00,  0.24082914E+00,  0.76840019E+00,  0.16429783E+00
     5389., -0.73068205E-02,  0.18617475E-01,  0.44309492E+00,  0.24504256E+00,  0.77228137E+00,  0.13819394E+00
     5390., -0.12469796E-01,  0.15636630E-01,  0.44309492E+00,  0.24633750E+00,  0.77786167E+00,  0.99810918E-01
     5391., -0.16524775E-01,  0.11266401E-01,  0.44309492E+00,  0.24426393E+00,  0.78320180E+00,  0.52559265E-01
     5392., -0.19111456E-01,  0.58951035E-02,  0.44309492E+00,  0.23954247E+00,  0.78644594E+00,  0.63749192E-03
     5393., -0.19111456E-01, -0.58951035E-02,  0.43347169E+00,  0.25284314E+00,  0.86462861E+00, -0.78510682E-01
     5394., -0.16524775E-01, -0.11266401E-01,  0.43347169E+00,  0.25050608E+00,  0.85873670E+00, -0.10923002E+00
     5395., -0.12469796E-01, -0.15636630E-01,  0.43347169E+00,  0.25189413E+00,  0.85255205E+00, -0.13024380E+00
     5396., -0.73068205E-02, -0.18617475E-01,  0.43347169E+00,  0.25652494E+00,  0.84822398E+00, -0.13968485E+00
     5397., -0.14946019E-02, -0.19944076E-01,  0.43347169E+00,  0.26278918E+00,  0.84725660E+00, -0.13671428E+00
     5398.,  0.44504187E-02, -0.19498558E-01,  0.43347169E+00,  0.26850987E+00,  0.84998607E+00, -0.12159605E+00
     5399.,  0.10000000E-01, -0.17320508E-01,  0.43347169E+00,  0.27169897E+00,  0.85546384E+00, -0.95673476E-01
     5400.,  0.14661037E-01, -0.13603455E-01,  0.43347169E+00,  0.27124819E+00,  0.86178628E+00, -0.61249893E-01
     5401.,  0.18019377E-01, -0.86776748E-02,  0.43347169E+00,  0.26731417E+00,  0.86675618E+00, -0.21383996E-01
     5402.,  0.19776617E-01, -0.29808453E-02,  0.43347169E+00,  0.26126410E+00,  0.86864640E+00,  0.20381966E-01
     5403.,  0.19776617E-01,  0.29808453E-02,  0.43347169E+00,  0.25520049E+00,  0.86680003E+00,  0.60336909E-01
     5404.,  0.18019377E-01,  0.86776748E-02,  0.43347169E+00,  0.25123060E+00,  0.86185875E+00,  0.94930646E-01
     5405.,  0.14661037E-01,  0.13603455E-01,  0.43347169E+00,  0.25073405E+00,  0.85553974E+00,  0.12108938E+00
     5406.,  0.10000000E-01,  0.17320508E-01,  0.43347169E+00,  0.25388340E+00,  0.85003901E+00,  0.13648879E+00
     5407.,  0.44504187E-02,  0.19498558E-01,  0.43347169E+00,  0.25958420E+00,  0.84726819E+00,  0.13976057E+00
     5408., -0.14946019E-02,  0.19944076E-01,  0.43347169E+00,  0.26585527E+00,  0.84819021E+00,  0.13061402E+00
     5409., -0.73068205E-02,  0.18617475E-01,  0.43347169E+00,  0.27051729E+00,  0.85248462E+00,  0.10986183E+00
     5410., -0.12469796E-01,  0.15636630E-01,  0.43347169E+00,  0.27195010E+00,  0.85865905E+00,  0.79347934E-01
     5411., -0.16524775E-01,  0.11266401E-01,  0.43347169E+00,  0.26965576E+00,  0.86456774E+00,  0.41783633E-01
     5412., -0.19111456E-01,  0.58951035E-02,  0.43347169E+00,  0.26443161E+00,  0.86815728E+00,  0.50667395E-03
     5413., -0.19111456E-01, -0.58951035E-02,  0.42348105E+00,  0.27151803E+00,  0.92854354E+00, -0.55592342E-01
     5414., -0.16524775E-01, -0.11266401E-01,  0.42348105E+00,  0.26900457E+00,  0.92220691E+00, -0.77344200E-01
     5415., -0.12469796E-01, -0.15636630E-01,  0.42348105E+00,  0.27049739E+00,  0.91555544E+00, -0.92223687E-01
     5416., -0.73068205E-02, -0.18617475E-01,  0.42348105E+00,  0.27547774E+00,  0.91090069E+00, -0.98908698E-01
     5417., -0.14946019E-02, -0.19944076E-01,  0.42348105E+00,  0.28221479E+00,  0.90986029E+00, -0.96805236E-01
     5418.,  0.44504187E-02, -0.19498558E-01,  0.42348105E+00,  0.28836729E+00,  0.91279578E+00, -0.86100206E-01
     5419.,  0.10000000E-01, -0.17320508E-01,  0.42348105E+00,  0.29179710E+00,  0.91868702E+00, -0.67744789E-01
     5420.,  0.14661037E-01, -0.13603455E-01,  0.42348105E+00,  0.29131229E+00,  0.92548668E+00, -0.43369951E-01
     5421.,  0.18019377E-01, -0.86776748E-02,  0.42348105E+00,  0.28708133E+00,  0.93083170E+00, -0.15141509E-01
     5422.,  0.19776617E-01, -0.29808453E-02,  0.42348105E+00,  0.28057459E+00,  0.93286459E+00,  0.14432326E-01
     5423.,  0.19776617E-01,  0.29808453E-02,  0.42348105E+00,  0.27405331E+00,  0.93087886E+00,  0.42723791E-01
     5424.,  0.18019377E-01,  0.86776748E-02,  0.42348105E+00,  0.26978377E+00,  0.92556460E+00,  0.67219053E-01
     5425.,  0.14661037E-01,  0.13603455E-01,  0.42348105E+00,  0.26924974E+00,  0.91876864E+00,  0.85741606E-01
     5426.,  0.10000000E-01,  0.17320508E-01,  0.42348105E+00,  0.27263681E+00,  0.91285271E+00,  0.96645644E-01
     5427.,  0.44504187E-02,  0.19498558E-01,  0.42348105E+00,  0.27876790E+00,  0.90987276E+00,  0.98962293E-01
     5428., -0.14946019E-02,  0.19944076E-01,  0.42348105E+00,  0.28551231E+00,  0.91086437E+00,  0.92485709E-01
     5429., -0.73068205E-02,  0.18617475E-01,  0.42348105E+00,  0.29052621E+00,  0.91548293E+00,  0.77791362E-01
     5430., -0.12469796E-01,  0.15636630E-01,  0.42348105E+00,  0.29206717E+00,  0.92212341E+00,  0.56184908E-01
     5431., -0.16524775E-01,  0.11266401E-01,  0.42348105E+00,  0.28959965E+00,  0.92847808E+00,  0.29586183E-01
     5432., -0.19111456E-01,  0.58951035E-02,  0.42348105E+00,  0.28398118E+00,  0.93233855E+00,  0.35859865E-03
     5433., -0.19111456E-01, -0.58951035E-02,  0.41310900E+00,  0.28394686E+00,  0.97107615E+00, -0.30356147E-01
     5434., -0.16524775E-01, -0.11266401E-01,  0.41310900E+00,  0.28131633E+00,  0.96444436E+00, -0.42233592E-01
     5435., -0.12469796E-01, -0.15636630E-01,  0.41310900E+00,  0.28287869E+00,  0.95748307E+00, -0.50358397E-01
     5436., -0.73068205E-02, -0.18617475E-01,  0.41310900E+00,  0.28809102E+00,  0.95261151E+00, -0.54008639E-01
     5437., -0.14946019E-02, -0.19944076E-01,  0.41310900E+00,  0.29514189E+00,  0.95152265E+00, -0.52859977E-01
     5438.,  0.44504187E-02, -0.19498558E-01,  0.41310900E+00,  0.30158097E+00,  0.95459488E+00, -0.47014474E-01
     5439.,  0.10000000E-01, -0.17320508E-01,  0.41310900E+00,  0.30517054E+00,  0.96076053E+00, -0.36991528E-01
     5440.,  0.14661037E-01, -0.13603455E-01,  0.41310900E+00,  0.30466314E+00,  0.96787691E+00, -0.23681722E-01
     5441.,  0.18019377E-01, -0.86776748E-02,  0.41310900E+00,  0.30023511E+00,  0.97347091E+00, -0.82676924E-02
     5442.,  0.19776617E-01, -0.29808453E-02,  0.41310900E+00,  0.29342528E+00,  0.97559849E+00,  0.78809580E-02
     5443.,  0.19776617E-01,  0.29808453E-02,  0.41310900E+00,  0.28660024E+00,  0.97352026E+00,  0.23329353E-01
     5444.,  0.18019377E-01,  0.86776748E-02,  0.41310900E+00,  0.28213183E+00,  0.96795847E+00,  0.36704832E-01
     5445.,  0.14661037E-01,  0.13603455E-01,  0.41310900E+00,  0.28157292E+00,  0.96084595E+00,  0.46818923E-01
     5446.,  0.10000000E-01,  0.17320508E-01,  0.41310900E+00,  0.28511776E+00,  0.95465446E+00,  0.52772949E-01
     5447.,  0.44504187E-02,  0.19498558E-01,  0.41310900E+00,  0.29153444E+00,  0.95153570E+00,  0.54037867E-01
     5448., -0.14946019E-02,  0.19944076E-01,  0.41310900E+00,  0.29859300E+00,  0.95257350E+00,  0.50501283E-01
     5449., -0.73068205E-02,  0.18617475E-01,  0.41310900E+00,  0.30384045E+00,  0.95740719E+00,  0.42477439E-01
     5450., -0.12469796E-01,  0.15636630E-01,  0.41310900E+00,  0.30545319E+00,  0.96435698E+00,  0.30679285E-01
     5451., -0.16524775E-01,  0.11266401E-01,  0.41310900E+00,  0.30287073E+00,  0.97100766E+00,  0.16155145E-01
     5452., -0.19111456E-01,  0.58951035E-02,  0.41310900E+00,  0.29699055E+00,  0.97504795E+00,  0.19555001E-03
     5453., -0.19111456E-01, -0.58951035E-02,  0.40234095E+00,  0.28900475E+00,  0.98837654E+00, -0.33162919E-02
     5454., -0.16524775E-01, -0.11266401E-01,  0.40234095E+00,  0.28632707E+00,  0.98162591E+00, -0.46135930E-02
     5455., -0.12469796E-01, -0.15636630E-01,  0.40234095E+00,  0.28791744E+00,  0.97453989E+00, -0.55009562E-02
     5456., -0.73068205E-02, -0.18617475E-01,  0.40234095E+00,  0.29322316E+00,  0.96958103E+00, -0.58995358E-02
     5457., -0.14946019E-02, -0.19944076E-01,  0.40234095E+00,  0.30040038E+00,  0.96847266E+00, -0.57739159E-02
     5458.,  0.44504187E-02, -0.19498558E-01,  0.40234095E+00,  0.30695483E+00,  0.97159994E+00, -0.51352584E-02
     5459.,  0.10000000E-01, -0.17320508E-01,  0.40234095E+00,  0.31060872E+00,  0.97787608E+00, -0.40403108E-02
     5460.,  0.14661037E-01, -0.13603455E-01,  0.40234095E+00,  0.31009223E+00,  0.98511998E+00, -0.25863637E-02
     5461.,  0.18019377E-01, -0.86776748E-02,  0.40234095E+00,  0.30558485E+00,  0.99081422E+00, -0.90260801E-03
     5462.,  0.19776617E-01, -0.29808453E-02,  0.40234095E+00,  0.29865300E+00,  0.99297991E+00,  0.86134893E-03
     5463.,  0.19776617E-01,  0.29808453E-02,  0.40234095E+00,  0.29170566E+00,  0.99086444E+00,  0.25487712E-02
     5464.,  0.18019377E-01,  0.86776748E-02,  0.40234095E+00,  0.28715718E+00,  0.98520299E+00,  0.40097243E-02
     5465.,  0.14661037E-01,  0.13603455E-01,  0.40234095E+00,  0.28658826E+00,  0.97796303E+00,  0.51143958E-02
     5466.,  0.10000000E-01,  0.17320508E-01,  0.40234095E+00,  0.29019662E+00,  0.97166059E+00,  0.57646311E-02
     5467.,  0.44504187E-02,  0.19498558E-01,  0.40234095E+00,  0.29672828E+00,  0.96848595E+00,  0.59026533E-02
     5468., -0.14946019E-02,  0.19944076E-01,  0.40234095E+00,  0.30391332E+00,  0.96954234E+00,  0.55161975E-02
     5469., -0.73068205E-02,  0.18617475E-01,  0.40234095E+00,  0.30925480E+00,  0.97446265E+00,  0.46396034E-02
     5470., -0.12469796E-01,  0.15636630E-01,  0.40234095E+00,  0.31089643E+00,  0.98153697E+00,  0.33507600E-02
     5471., -0.16524775E-01,  0.11266401E-01,  0.40234095E+00,  0.30826770E+00,  0.98830682E+00,  0.17641868E-02
     5472., -0.19111456E-01,  0.58951035E-02,  0.40234095E+00,  0.30228216E+00,  0.99241950E+00,  0.20857844E-04
     5473., -0.19111456E-01, -0.58951035E-02,  0.39116181E+00,  0.28565340E+00,  0.97689163E+00,  0.24837144E-01
     5474., -0.16524775E-01, -0.11266401E-01,  0.39116181E+00,  0.28300831E+00,  0.97022314E+00,  0.34555697E-01
     5475., -0.12469796E-01, -0.15636630E-01,  0.39116181E+00,  0.28457932E+00,  0.96322334E+00,  0.41203825E-01
     5476., -0.73068205E-02, -0.18617475E-01,  0.39116181E+00,  0.28982049E+00,  0.95832482E+00,  0.44190813E-01
     5477., -0.14946019E-02, -0.19944076E-01,  0.39116181E+00,  0.29691038E+00,  0.95722994E+00,  0.43251254E-01
     5478.,  0.44504187E-02, -0.19498558E-01,  0.39116181E+00,  0.30338508E+00,  0.96031917E+00,  0.38468630E-01
     5479.,  0.10000000E-01, -0.17320508E-01,  0.39116181E+00,  0.30699451E+00,  0.96651894E+00,  0.30267899E-01
     5480.,  0.14661037E-01, -0.13603455E-01,  0.39116181E+00,  0.30648430E+00,  0.97367470E+00,  0.19377732E-01
     5481.,  0.18019377E-01, -0.86776748E-02,  0.39116181E+00,  0.30203176E+00,  0.97929965E+00,  0.67657706E-02
     5482.,  0.19776617E-01, -0.29808453E-02,  0.39116181E+00,  0.29518425E+00,  0.98143899E+00, -0.64473585E-02
     5483.,  0.19776617E-01,  0.29808453E-02,  0.39116181E+00,  0.28832144E+00,  0.97934926E+00, -0.19087615E-01
     5484.,  0.18019377E-01,  0.86776748E-02,  0.39116181E+00,  0.28382832E+00,  0.97375670E+00, -0.30031850E-01
     5485.,  0.14661037E-01,  0.13603455E-01,  0.39116181E+00,  0.28326632E+00,  0.96660483E+00, -0.38307623E-01
     5486.,  0.10000000E-01,  0.17320508E-01,  0.39116181E+00,  0.28683077E+00,  0.96037908E+00, -0.43179597E-01
     5487.,  0.44504187E-02,  0.19498558E-01,  0.39116181E+00,  0.29328295E+00,  0.95724307E+00, -0.44214875E-01
     5488., -0.14946019E-02,  0.19944076E-01,  0.39116181E+00,  0.30038057E+00,  0.95828661E+00, -0.41321467E-01
     5489., -0.73068205E-02,  0.18617475E-01,  0.39116181E+00,  0.30565705E+00,  0.96314704E+00, -0.34756465E-01
     5490., -0.12469796E-01,  0.15636630E-01,  0.39116181E+00,  0.30727871E+00,  0.97013528E+00, -0.25103197E-01
     5491., -0.16524775E-01,  0.11266401E-01,  0.39116181E+00,  0.30468197E+00,  0.97682275E+00, -0.13219403E-01
     5492., -0.19111456E-01,  0.58951035E-02,  0.39116181E+00,  0.29876925E+00,  0.98088540E+00, -0.16100574E-03
     5493., -0.19111456E-01, -0.58951035E-02,  0.37955586E+00,  0.27302121E+00,  0.93363916E+00,  0.53229574E-01
     5494., -0.16524775E-01, -0.11266401E-01,  0.37955586E+00,  0.27049661E+00,  0.92727441E+00,  0.74057487E-01
     5495., -0.12469796E-01, -0.15636630E-01,  0.37955586E+00,  0.27199606E+00,  0.92059343E+00,  0.88305067E-01
     5496., -0.73068205E-02, -0.18617475E-01,  0.37955586E+00,  0.27699852E+00,  0.91591802E+00,  0.94706355E-01
     5497., -0.14946019E-02, -0.19944076E-01,  0.37955586E+00,  0.28376547E+00,  0.91487302E+00,  0.92692569E-01
     5498.,  0.44504187E-02, -0.19498558E-01,  0.37955586E+00,  0.28994527E+00,  0.91782154E+00,  0.82442641E-01
     5499.,  0.10000000E-01, -0.17320508E-01,  0.37955586E+00,  0.29339029E+00,  0.92373893E+00,  0.64867320E-01
     5500.,  0.14661037E-01, -0.13603455E-01,  0.37955586E+00,  0.29290332E+00,  0.93056877E+00,  0.41528254E-01
     5501.,  0.18019377E-01, -0.86776748E-02,  0.37955586E+00,  0.28865358E+00,  0.93593751E+00,  0.14499224E-01
     5502.,  0.19776617E-01, -0.29808453E-02,  0.37955586E+00,  0.28211796E+00,  0.93797941E+00, -0.13818126E-01
     5503.,  0.19776617E-01,  0.29808453E-02,  0.37955586E+00,  0.27556774E+00,  0.93598486E+00, -0.40907681E-01
     5504.,  0.18019377E-01,  0.86776748E-02,  0.37955586E+00,  0.27127926E+00,  0.93064702E+00, -0.64362405E-01
     5505.,  0.14661037E-01,  0.13603455E-01,  0.37955586E+00,  0.27074287E+00,  0.92382090E+00, -0.82098246E-01
     5506.,  0.10000000E-01,  0.17320508E-01,  0.37955586E+00,  0.27414497E+00,  0.91787872E+00, -0.92539299E-01
     5507.,  0.44504187E-02,  0.19498558E-01,  0.37955586E+00,  0.28030327E+00,  0.91488555E+00, -0.94757832E-01
     5508., -0.14946019E-02,  0.19944076E-01,  0.37955586E+00,  0.28707761E+00,  0.91588156E+00, -0.88556714E-01
     5509., -0.73068205E-02,  0.18617475E-01,  0.37955586E+00,  0.29211376E+00,  0.92052062E+00, -0.74486943E-01
     5510., -0.12469796E-01,  0.15636630E-01,  0.37955586E+00,  0.29366155E+00,  0.92719056E+00, -0.53798676E-01
     5511., -0.16524775E-01,  0.11266401E-01,  0.37955586E+00,  0.29118308E+00,  0.93357343E+00, -0.28330166E-01
     5512., -0.19111456E-01,  0.58951035E-02,  0.37955586E+00,  0.28553967E+00,  0.93745103E+00, -0.34439879E-03
     5513., -0.19111456E-01, -0.58951035E-02,  0.36750682E+00,  0.25049806E+00,  0.85653211E+00,  0.80803332E-01
     5514., -0.16524775E-01, -0.11266401E-01,  0.36750682E+00,  0.24818751E+00,  0.85070700E+00,  0.11242026E+00
     5515., -0.12469796E-01, -0.15636630E-01,  0.36750682E+00,  0.24955983E+00,  0.84459249E+00,  0.13404816E+00
     5516., -0.73068205E-02, -0.18617475E-01,  0.36750682E+00,  0.25413814E+00,  0.84031350E+00,  0.14376530E+00
     5517., -0.14946019E-02, -0.19944076E-01,  0.36750682E+00,  0.26033134E+00,  0.83935711E+00,  0.14070826E+00
     5518.,  0.44504187E-02, -0.19498558E-01,  0.36750682E+00,  0.26598716E+00,  0.84205564E+00,  0.12514867E+00
     5519.,  0.10000000E-01, -0.17320508E-01,  0.36750682E+00,  0.26914009E+00,  0.84747130E+00,  0.98469070E-01
     5520.,  0.14661037E-01, -0.13603455E-01,  0.36750682E+00,  0.26869441E+00,  0.85372205E+00,  0.63040061E-01
     5521.,  0.18019377E-01, -0.86776748E-02,  0.36750682E+00,  0.26480499E+00,  0.85863559E+00,  0.22009672E-01
     5522.,  0.19776617E-01, -0.29808453E-02,  0.36750682E+00,  0.25882351E+00,  0.86050436E+00, -0.20976376E-01
     5523.,  0.19776617E-01,  0.29808453E-02,  0.36750682E+00,  0.25282867E+00,  0.85867893E+00, -0.62098591E-01
     5524.,  0.18019377E-01,  0.86776748E-02,  0.36750682E+00,  0.24890380E+00,  0.85379366E+00, -0.97703065E-01
     5525.,  0.14661037E-01,  0.13603455E-01,  0.36750682E+00,  0.24841289E+00,  0.84754631E+00, -0.12462619E+00
     5526.,  0.10000000E-01,  0.17320508E-01,  0.36750682E+00,  0.25152654E+00,  0.84210795E+00, -0.14047573E+00
     5527.,  0.44504187E-02,  0.19498558E-01,  0.36750682E+00,  0.25716269E+00,  0.83936857E+00, -0.14384339E+00
     5528., -0.14946019E-02,  0.19944076E-01,  0.36750682E+00,  0.26336265E+00,  0.84028013E+00, -0.13442994E+00
     5529., -0.73068205E-02,  0.18617475E-01,  0.36750682E+00,  0.26797180E+00,  0.84452585E+00, -0.11307179E+00
     5530., -0.12469796E-01,  0.15636630E-01,  0.36750682E+00,  0.26938835E+00,  0.85063027E+00, -0.81666713E-01
     5531., -0.16524775E-01,  0.11266401E-01,  0.36750682E+00,  0.26712002E+00,  0.85647196E+00, -0.43005197E-01
     5532., -0.19111456E-01,  0.58951035E-02,  0.36750682E+00,  0.26195510E+00,  0.86002078E+00, -0.52248373E-03
     5533., -0.19111456E-01, -0.58951035E-02,  0.35499777E+00,  0.21784233E+00,  0.74474527E+00,  0.10633297E+00
     5534., -0.16524775E-01, -0.11266401E-01,  0.35499777E+00,  0.21584159E+00,  0.73970121E+00,  0.14793909E+00
     5535., -0.12469796E-01, -0.15636630E-01,  0.35499777E+00,  0.21702991E+00,  0.73440655E+00,  0.17640017E+00
     5536., -0.73068205E-02, -0.18617475E-01,  0.35499777E+00,  0.22099435E+00,  0.73070130E+00,  0.18918733E+00
     5537., -0.14946019E-02, -0.19944076E-01,  0.35499777E+00,  0.22635715E+00,  0.72987315E+00,  0.18516437E+00
     5538.,  0.44504187E-02, -0.19498558E-01,  0.35499777E+00,  0.23125462E+00,  0.73220985E+00,  0.16468874E+00
     5539.,  0.10000000E-01, -0.17320508E-01,  0.35499777E+00,  0.23398479E+00,  0.73689937E+00,  0.12957978E+00
     5540.,  0.14661037E-01, -0.13603455E-01,  0.35499777E+00,  0.23359886E+00,  0.74231200E+00,  0.82957099E-01
     5541.,  0.18019377E-01, -0.86776748E-02,  0.35499777E+00,  0.23023095E+00,  0.74656672E+00,  0.28963319E-01
     5542.,  0.19776617E-01, -0.29808453E-02,  0.35499777E+00,  0.22505148E+00,  0.74818492E+00, -0.27603983E-01
     5543.,  0.19776617E-01,  0.29808453E-02,  0.35499777E+00,  0.21986044E+00,  0.74660423E+00, -0.81718563E-01
     5544.,  0.18019377E-01,  0.86776748E-02,  0.35499777E+00,  0.21646183E+00,  0.74237400E+00, -0.12857208E+00
     5545.,  0.14661037E-01,  0.13603455E-01,  0.35499777E+00,  0.21603674E+00,  0.73696431E+00, -0.16400140E+00
     5546.,  0.10000000E-01,  0.17320508E-01,  0.35499777E+00,  0.21873291E+00,  0.73225515E+00, -0.18485847E+00
     5547.,  0.44504187E-02,  0.19498558E-01,  0.35499777E+00,  0.22361336E+00,  0.72988307E+00, -0.18929007E+00
     5548., -0.14946019E-02,  0.19944076E-01,  0.35499777E+00,  0.22898200E+00,  0.73067241E+00, -0.17690241E+00
     5549., -0.73068205E-02,  0.18617475E-01,  0.35499777E+00,  0.23297314E+00,  0.73434886E+00, -0.14879619E+00
     5550., -0.12469796E-01,  0.15636630E-01,  0.35499777E+00,  0.23419976E+00,  0.73963478E+00, -0.10746877E+00
     5551., -0.16524775E-01,  0.11266401E-01,  0.35499777E+00,  0.23223557E+00,  0.74469319E+00, -0.56592293E-01
     5552., -0.19111456E-01,  0.58951035E-02,  0.35499777E+00,  0.22776318E+00,  0.74776618E+00, -0.68734223E-03
     5553., -0.19111456E-01, -0.58951035E-02,  0.34201114E+00,  0.17529568E+00,  0.59910775E+00,  0.12845853E+00
     5554., -0.16524775E-01, -0.11266401E-01,  0.34201114E+00,  0.17369808E+00,  0.59508003E+00,  0.17872189E+00
     5555., -0.12469796E-01, -0.15636630E-01,  0.34201114E+00,  0.17464697E+00,  0.59085221E+00,  0.21310502E+00
     5556., -0.73068205E-02, -0.18617475E-01,  0.34201114E+00,  0.17781260E+00,  0.58789355E+00,  0.22855284E+00
     5557., -0.14946019E-02, -0.19944076E-01,  0.34201114E+00,  0.18209483E+00,  0.58723226E+00,  0.22369274E+00
     5558.,  0.44504187E-02, -0.19498558E-01,  0.34201114E+00,  0.18600550E+00,  0.58909814E+00,  0.19895656E+00
     5559.,  0.10000000E-01, -0.17320508E-01,  0.34201114E+00,  0.18818556E+00,  0.59284276E+00,  0.15654221E+00
     5560.,  0.14661037E-01, -0.13603455E-01,  0.34201114E+00,  0.18787738E+00,  0.59716478E+00,  0.10021840E+00
     5561.,  0.18019377E-01, -0.86776748E-02,  0.34201114E+00,  0.18518808E+00,  0.60056220E+00,  0.34989748E-01
     5562.,  0.19776617E-01, -0.29808453E-02,  0.34201114E+00,  0.18105223E+00,  0.60185434E+00, -0.33347897E-01
     5563.,  0.19776617E-01,  0.29808453E-02,  0.34201114E+00,  0.17690715E+00,  0.60059215E+00, -0.98722449E-01
     5564.,  0.18019377E-01,  0.86776748E-02,  0.34201114E+00,  0.17419335E+00,  0.59721427E+00, -0.15532507E+00
     5565.,  0.14661037E-01,  0.13603455E-01,  0.34201114E+00,  0.17385392E+00,  0.59289460E+00, -0.19812636E+00
     5566.,  0.10000000E-01,  0.17320508E-01,  0.34201114E+00,  0.17600683E+00,  0.58913430E+00, -0.22332327E+00
     5567.,  0.44504187E-02,  0.19498558E-01,  0.34201114E+00,  0.17990390E+00,  0.58724018E+00, -0.22867693E+00
     5568., -0.14946019E-02,  0.19944076E-01,  0.34201114E+00,  0.18419080E+00,  0.58787049E+00, -0.21371164E+00
     5569., -0.73068205E-02,  0.18617475E-01,  0.34201114E+00,  0.18737775E+00,  0.59080616E+00, -0.17975713E+00
     5570., -0.12469796E-01,  0.15636630E-01,  0.34201114E+00,  0.18835720E+00,  0.59502701E+00, -0.12983040E+00
     5571., -0.16524775E-01,  0.11266401E-01,  0.34201114E+00,  0.18678878E+00,  0.59906618E+00, -0.68367681E-01
     5572., -0.19111456E-01,  0.58951035E-02,  0.34201114E+00,  0.18321754E+00,  0.60151997E+00, -0.83019975E-03
     5573., -0.19111456E-01, -0.58951035E-02,  0.32852871E+00,  0.12369744E+00,  0.42249451E+00,  0.14574091E+00
     5574., -0.16524775E-01, -0.11266401E-01,  0.32852871E+00,  0.12258823E+00,  0.41969805E+00,  0.20276645E+00
     5575., -0.12469796E-01, -0.15636630E-01,  0.32852871E+00,  0.12324705E+00,  0.41676266E+00,  0.24177531E+00
     5576., -0.73068205E-02, -0.18617475E-01,  0.32852871E+00,  0.12544497E+00,  0.41470845E+00,  0.25930137E+00
     5577., -0.14946019E-02, -0.19944076E-01,  0.32852871E+00,  0.12841814E+00,  0.41424933E+00,  0.25378737E+00
     5578.,  0.44504187E-02, -0.19498558E-01,  0.32852871E+00,  0.13113332E+00,  0.41554482E+00,  0.22572325E+00
     5579.,  0.10000000E-01, -0.17320508E-01,  0.32852871E+00,  0.13264694E+00,  0.41814472E+00,  0.17760262E+00
     5580.,  0.14661037E-01, -0.13603455E-01,  0.32852871E+00,  0.13243297E+00,  0.42114552E+00,  0.11370122E+00
     5581.,  0.18019377E-01, -0.86776748E-02,  0.32852871E+00,  0.13056577E+00,  0.42350435E+00,  0.39696974E-01
     5582.,  0.19776617E-01, -0.29808453E-02,  0.32852871E+00,  0.12769423E+00,  0.42440148E+00, -0.37834522E-01
     5583.,  0.19776617E-01,  0.29808453E-02,  0.32852871E+00,  0.12481629E+00,  0.42352513E+00, -0.11200427E+00
     5584.,  0.18019377E-01,  0.86776748E-02,  0.32852871E+00,  0.12293209E+00,  0.42117986E+00, -0.17622193E+00
     5585.,  0.14661037E-01,  0.13603455E-01,  0.32852871E+00,  0.12269643E+00,  0.41818069E+00, -0.22478150E+00
     5586.,  0.10000000E-01,  0.17320508E-01,  0.32852871E+00,  0.12419121E+00,  0.41556991E+00, -0.25336825E+00
     5587.,  0.44504187E-02,  0.19498558E-01,  0.32852871E+00,  0.12689697E+00,  0.41425482E+00, -0.25944213E+00
     5588., -0.14946019E-02,  0.19944076E-01,  0.32852871E+00,  0.12987338E+00,  0.41469245E+00, -0.24246343E+00
     5589., -0.73068205E-02,  0.18617475E-01,  0.32852871E+00,  0.13208608E+00,  0.41673071E+00, -0.20394078E+00
     5590., -0.12469796E-01,  0.15636630E-01,  0.32852871E+00,  0.13276611E+00,  0.41966126E+00, -0.14729710E+00
     5591., -0.16524775E-01,  0.11266401E-01,  0.32852871E+00,  0.13167714E+00,  0.42246567E+00, -0.77565435E-01
     5592., -0.19111456E-01,  0.58951035E-02,  0.32852871E+00,  0.12919762E+00,  0.42416934E+00, -0.94174577E-03
     5593., -0.19111456E-01, -0.58951035E-02,  0.31453155E+00,  0.64587362E-01,  0.22017793E+00,  0.15674245E+00
     5594., -0.16524775E-01, -0.11266401E-01,  0.31453155E+00,  0.64037069E-01,  0.21879055E+00,  0.21807260E+00
     5595., -0.12469796E-01, -0.15636630E-01,  0.31453155E+00,  0.64363932E-01,  0.21733425E+00,  0.26002605E+00
     5596., -0.73068205E-02, -0.18617475E-01,  0.31453155E+00,  0.65454365E-01,  0.21631513E+00,  0.27887504E+00
     5597., -0.14946019E-02, -0.19944076E-01,  0.31453155E+00,  0.66929413E-01,  0.21608736E+00,  0.27294477E+00
     5598.,  0.44504187E-02, -0.19498558E-01,  0.31453155E+00,  0.68276461E-01,  0.21673009E+00,  0.24276215E+00
     5599.,  0.10000000E-01, -0.17320508E-01,  0.31453155E+00,  0.69027385E-01,  0.21801995E+00,  0.19100904E+00
     5600.,  0.14661037E-01, -0.13603455E-01,  0.31453155E+00,  0.68921217E-01,  0.21950870E+00,  0.12228394E+00
     5601.,  0.18019377E-01, -0.86776748E-02,  0.31453155E+00,  0.67994858E-01,  0.22067895E+00,  0.42693395E-01
     5602.,  0.19776617E-01, -0.29808453E-02,  0.31453155E+00,  0.66570234E-01,  0.22112403E+00, -0.40690654E-01
     5603.,  0.19776617E-01,  0.29808453E-02,  0.31453155E+00,  0.65142438E-01,  0.22068925E+00, -0.12045918E+00
     5604.,  0.18019377E-01,  0.86776748E-02,  0.31453155E+00,  0.64207663E-01,  0.21952570E+00, -0.18952436E+00
     5605.,  0.14661037E-01,  0.13603455E-01,  0.31453155E+00,  0.64090760E-01,  0.21803776E+00, -0.24174947E+00
     5606.,  0.10000000E-01,  0.17320508E-01,  0.31453155E+00,  0.64832357E-01,  0.21674251E+00, -0.27249408E+00
     5607.,  0.44504187E-02,  0.19498558E-01,  0.31453155E+00,  0.66174736E-01,  0.21609008E+00, -0.27902640E+00
     5608., -0.14946019E-02,  0.19944076E-01,  0.31453155E+00,  0.67651387E-01,  0.21630721E+00, -0.26076600E+00
     5609., -0.73068205E-02,  0.18617475E-01,  0.31453155E+00,  0.68749142E-01,  0.21731843E+00, -0.21933539E+00
     5610., -0.12469796E-01,  0.15636630E-01,  0.31453155E+00,  0.69086510E-01,  0.21877233E+00, -0.15841586E+00
     5611., -0.16524775E-01,  0.11266401E-01,  0.31453155E+00,  0.68546243E-01,  0.22016365E+00, -0.83420407E-01
     5612., -0.19111456E-01,  0.58951035E-02,  0.31453155E+00,  0.67316097E-01,  0.22100886E+00, -0.10126811E-02
     5613., -0.19111456E-01, -0.58951035E-02,  0.30000000E+00,  0.28130393E-03,  0.86796247E-04,  0.16013549E+00
     5614., -0.16524775E-01, -0.11266401E-01,  0.30000000E+00,  0.33843062E-03,  0.23075954E-03,  0.22279317E+00
     5615., -0.12469796E-01, -0.15636630E-01,  0.30000000E+00,  0.30453259E-03,  0.38189001E-03,  0.26565470E+00
     5616., -0.73068205E-02, -0.18617475E-01,  0.30000000E+00,  0.19139065E-03,  0.48766537E-03,  0.28491166E+00
     5617., -0.14946019E-02, -0.19944076E-01,  0.30000000E+00,  0.38324279E-04,  0.51132516E-03,  0.27885296E+00
     5618.,  0.44504187E-02, -0.19498558E-01,  0.30000000E+00, -0.10147394E-03,  0.44464821E-03,  0.24801695E+00
     5619.,  0.10000000E-01, -0.17320508E-01,  0.30000000E+00, -0.17941968E-03,  0.31080411E-03,  0.19514354E+00
     5620.,  0.14661037E-01, -0.13603455E-01,  0.30000000E+00, -0.16842365E-03,  0.15630756E-03,  0.12493077E+00
     5621.,  0.18019377E-01, -0.86776748E-02,  0.30000000E+00, -0.72305899E-04,  0.34849457E-04,  0.43617372E-01
     5622.,  0.19776617E-01, -0.29808453E-02,  0.30000000E+00,  0.75527841E-04, -0.11349994E-04, -0.41571632E-01
     5623.,  0.19776617E-01,  0.29808453E-02,  0.30000000E+00,  0.22370437E-03,  0.33747725E-04, -0.12306683E+00
     5624.,  0.18019377E-01,  0.86776748E-02,  0.30000000E+00,  0.32072829E-03,  0.15446887E-03, -0.19362699E+00
     5625.,  0.14661037E-01,  0.13603455E-01,  0.30000000E+00,  0.33288347E-03,  0.30887635E-03, -0.24698253E+00
     5626.,  0.10000000E-01,  0.17320508E-01,  0.30000000E+00,  0.25594416E-03,  0.44329890E-03, -0.27839260E+00
     5627.,  0.44504187E-02,  0.19498558E-01,  0.30000000E+00,  0.11665088E-03,  0.51102348E-03, -0.28506627E+00
     5628., -0.14946019E-02,  0.19944076E-01,  0.30000000E+00, -0.36588951E-04,  0.48851411E-03, -0.26641055E+00
     5629., -0.73068205E-02,  0.18617475E-01,  0.30000000E+00, -0.15052475E-03,  0.38359268E-03, -0.22408307E+00
     5630., -0.12469796E-01,  0.15636630E-01,  0.30000000E+00, -0.18555776E-03,  0.23272390E-03, -0.16184482E+00
     5631., -0.16524775E-01,  0.11266401E-01,  0.30000000E+00, -0.12951341E-03,  0.88337398E-04, -0.85225970E-01
     5632., -0.19111456E-01,  0.58951035E-02,  0.30000000E+00, -0.18736093E-05,  0.60904809E-06, -0.10344190E-02
     5633., -0.19111456E-01, -0.58951035E-02,  0.28546845E+00, -0.63707819E-01, -0.21890924E+00,  0.15518893E+00
     5634., -0.16524775E-01, -0.11266401E-01,  0.28546845E+00, -0.63046942E-01, -0.21724317E+00,  0.21591101E+00
     5635., -0.12469796E-01, -0.15636630E-01,  0.28546845E+00, -0.63439429E-01, -0.21549431E+00,  0.25744846E+00
     5636., -0.73068205E-02, -0.18617475E-01,  0.28546845E+00, -0.64748888E-01, -0.21427043E+00,  0.27611049E+00
     5637., -0.14946019E-02, -0.19944076E-01,  0.28546845E+00, -0.66520245E-01, -0.21399687E+00,  0.27023889E+00
     5638.,  0.44504187E-02, -0.19498558E-01,  0.28546845E+00, -0.68137916E-01, -0.21476868E+00,  0.24035537E+00
     5639.,  0.10000000E-01, -0.17320508E-01,  0.28546845E+00, -0.69039727E-01, -0.21631764E+00,  0.18911522E+00
     5640.,  0.14661037E-01, -0.13603455E-01,  0.28546845E+00, -0.68912274E-01, -0.21810547E+00,  0.12107135E+00
     5641.,  0.18019377E-01, -0.86776748E-02,  0.28546845E+00, -0.67799851E-01, -0.21951084E+00,  0.42269777E-01
     5642.,  0.19776617E-01, -0.29808453E-02,  0.28546845E+00, -0.66089051E-01, -0.22004536E+00, -0.40287660E-01
     5643.,  0.19776617E-01,  0.29808453E-02,  0.28546845E+00, -0.64374413E-01, -0.21952327E+00, -0.11926538E+00
     5644.,  0.18019377E-01,  0.86776748E-02,  0.28546845E+00, -0.63251814E-01, -0.21812603E+00, -0.18764583E+00
     5645.,  0.14661037E-01,  0.13603455E-01,  0.28546845E+00, -0.63111378E-01, -0.21633918E+00, -0.23935312E+00
     5646.,  0.10000000E-01,  0.17320508E-01,  0.28546845E+00, -0.64001913E-01, -0.21478370E+00, -0.26979284E+00
     5647.,  0.44504187E-02,  0.19498558E-01,  0.28546845E+00, -0.65613937E-01, -0.21400017E+00, -0.27626029E+00
     5648., -0.14946019E-02,  0.19944076E-01,  0.28546845E+00, -0.67387232E-01, -0.21426086E+00, -0.25818079E+00
     5649., -0.73068205E-02,  0.18617475E-01,  0.28546845E+00, -0.68705545E-01, -0.21547519E+00, -0.21716080E+00
     5650., -0.12469796E-01,  0.15636630E-01,  0.28546845E+00, -0.69110730E-01, -0.21722115E+00, -0.15684511E+00
     5651., -0.16524775E-01,  0.11266401E-01,  0.28546845E+00, -0.68461972E-01, -0.21889197E+00, -0.82593059E-01
     5652., -0.19111456E-01,  0.58951035E-02,  0.28546845E+00, -0.66984736E-01, -0.21990702E+00, -0.10022559E-02
     5653., -0.19111456E-01, -0.58951035E-02,  0.27147129E+00, -0.12193251E+00, -0.41816669E+00,  0.14278552E+00
     5654., -0.16524775E-01, -0.11266401E-01,  0.27147129E+00, -0.12072295E+00, -0.41511733E+00,  0.19865430E+00
     5655., -0.12469796E-01, -0.15636630E-01,  0.27147129E+00, -0.12144132E+00, -0.41191644E+00,  0.23687176E+00
     5656., -0.73068205E-02, -0.18617475E-01,  0.27147129E+00, -0.12383801E+00, -0.40967642E+00,  0.25404214E+00
     5657., -0.14946019E-02, -0.19944076E-01,  0.27147129E+00, -0.12708008E+00, -0.40917574E+00,  0.24863977E+00
     5658.,  0.44504187E-02, -0.19498558E-01,  0.27147129E+00, -0.13004086E+00, -0.41058837E+00,  0.22114465E+00
     5659.,  0.10000000E-01, -0.17320508E-01,  0.27147129E+00, -0.13169140E+00, -0.41342341E+00,  0.17399986E+00
     5660.,  0.14661037E-01, -0.13603455E-01,  0.27147129E+00, -0.13145812E+00, -0.41669562E+00,  0.11139441E+00
     5661.,  0.18019377E-01, -0.86776748E-02,  0.27147129E+00, -0.12942207E+00, -0.41926783E+00,  0.38891099E-01
     5662.,  0.19776617E-01, -0.29808453E-02,  0.27147129E+00, -0.12629083E+00, -0.42024613E+00, -0.37067865E-01
     5663.,  0.19776617E-01,  0.29808453E-02,  0.27147129E+00, -0.12315258E+00, -0.41929056E+00, -0.10973320E+00
     5664.,  0.18019377E-01,  0.86776748E-02,  0.27147129E+00, -0.12109792E+00, -0.41673319E+00, -0.17264825E+00
     5665.,  0.14661037E-01,  0.13603455E-01,  0.27147129E+00, -0.12084090E+00, -0.41346277E+00, -0.22022274E+00
     5666.,  0.10000000E-01,  0.17320508E-01,  0.27147129E+00, -0.12247084E+00, -0.41061582E+00, -0.24822947E+00
     5667.,  0.44504187E-02,  0.19498558E-01,  0.27147129E+00, -0.12542129E+00, -0.40918175E+00, -0.25417994E+00
     5668., -0.14946019E-02,  0.19944076E-01,  0.27147129E+00, -0.12866691E+00, -0.40965892E+00, -0.23754540E+00
     5669., -0.73068205E-02,  0.18617475E-01,  0.27147129E+00, -0.13107977E+00, -0.41188148E+00, -0.19980390E+00
     5670., -0.12469796E-01,  0.15636630E-01,  0.27147129E+00, -0.13182135E+00, -0.41507707E+00, -0.14430894E+00
     5671., -0.16524775E-01,  0.11266401E-01,  0.27147129E+00, -0.13063393E+00, -0.41813514E+00, -0.75991517E-01
     5672., -0.19111456E-01,  0.58951035E-02,  0.27147129E+00, -0.12793017E+00, -0.41999293E+00, -0.92191539E-03
     5673., -0.19111456E-01, -0.58951035E-02,  0.25798886E+00, -0.17219033E+00, -0.59014938E+00,  0.12432034E+00
     5674., -0.16524775E-01, -0.11266401E-01,  0.25798886E+00, -0.17050781E+00, -0.58590766E+00,  0.17296397E+00
     5675., -0.12469796E-01, -0.15636630E-01,  0.25798886E+00, -0.17150709E+00, -0.58145517E+00,  0.20623899E+00
     5676., -0.73068205E-02, -0.18617475E-01,  0.25798886E+00, -0.17484092E+00, -0.57833928E+00,  0.22118878E+00
     5677., -0.14946019E-02, -0.19944076E-01,  0.25798886E+00, -0.17935069E+00, -0.57764283E+00,  0.21648497E+00
     5678.,  0.44504187E-02, -0.19498558E-01,  0.25798886E+00, -0.18346917E+00, -0.57960783E+00,  0.19254553E+00
     5679.,  0.10000000E-01, -0.17320508E-01,  0.25798886E+00, -0.18576510E+00, -0.58355142E+00,  0.15149756E+00
     5680.,  0.14661037E-01, -0.13603455E-01,  0.25798886E+00, -0.18544058E+00, -0.58810311E+00,  0.96988372E-01
     5681.,  0.18019377E-01, -0.86776748E-02,  0.25798886E+00, -0.18260840E+00, -0.59168108E+00,  0.33861350E-01
     5682.,  0.19776617E-01, -0.29808453E-02,  0.25798886E+00, -0.17825279E+00, -0.59304191E+00, -0.32274404E-01
     5683.,  0.19776617E-01,  0.29808453E-02,  0.25798886E+00, -0.17388743E+00, -0.59171269E+00, -0.95542451E-01
     5684.,  0.18019377E-01,  0.86776748E-02,  0.25798886E+00, -0.17102939E+00, -0.58815535E+00, -0.15032112E+00
     5685.,  0.14661037E-01,  0.13603455E-01,  0.25798886E+00, -0.17067188E+00, -0.58360613E+00, -0.19174309E+00
     5686.,  0.10000000E-01,  0.17320508E-01,  0.25798886E+00, -0.17293916E+00, -0.57964600E+00, -0.21612786E+00
     5687.,  0.44504187E-02,  0.19498558E-01,  0.25798886E+00, -0.17704329E+00, -0.57765120E+00, -0.22130872E+00
     5688., -0.14946019E-02,  0.19944076E-01,  0.25798886E+00, -0.18155799E+00, -0.57831495E+00, -0.20682533E+00
     5689., -0.73068205E-02,  0.18617475E-01,  0.25798886E+00, -0.18491431E+00, -0.58140658E+00, -0.17396459E+00
     5690., -0.12469796E-01,  0.15636630E-01,  0.25798886E+00, -0.18594585E+00, -0.58585170E+00, -0.12564633E+00
     5691., -0.16524775E-01,  0.11266401E-01,  0.25798886E+00, -0.18429412E+00, -0.59010551E+00, -0.66163858E-01
     5692., -0.19111456E-01,  0.58951035E-02,  0.25798886E+00, -0.18053314E+00, -0.59268972E+00, -0.80243628E-03
     5693., -0.19111456E-01, -0.58951035E-02,  0.24500223E+00, -0.21306474E+00, -0.73001159E+00,  0.10127259E+00
     5694., -0.16524775E-01, -0.11266401E-01,  0.24500223E+00, -0.21099824E+00, -0.72480181E+00,  0.14089803E+00
     5695., -0.12469796E-01, -0.15636630E-01,  0.24500223E+00, -0.21222558E+00, -0.71933318E+00,  0.16800405E+00
     5696., -0.73068205E-02, -0.18617475E-01,  0.24500223E+00, -0.21632027E+00, -0.71550617E+00,  0.18018219E+00
     5697., -0.14946019E-02, -0.19944076E-01,  0.24500223E+00, -0.22185927E+00, -0.71465078E+00,  0.17635035E+00
     5698.,  0.44504187E-02, -0.19498558E-01,  0.24500223E+00, -0.22691768E+00, -0.71706424E+00,  0.15684900E+00
     5699.,  0.10000000E-01, -0.17320508E-01,  0.24500223E+00, -0.22973759E+00, -0.72190784E+00,  0.12341093E+00
     5700.,  0.14661037E-01, -0.13603455E-01,  0.24500223E+00, -0.22933900E+00, -0.72749833E+00,  0.79007256E-01
     5701.,  0.18019377E-01, -0.86776748E-02,  0.24500223E+00, -0.22586044E+00, -0.73189288E+00,  0.27583448E-01
     5702.,  0.19776617E-01, -0.29808453E-02,  0.24500223E+00, -0.22051078E+00, -0.73356428E+00, -0.26291273E-01
     5703.,  0.19776617E-01,  0.29808453E-02,  0.24500223E+00, -0.21514916E+00, -0.73193168E+00, -0.77829911E-01
     5704.,  0.18019377E-01,  0.86776748E-02,  0.24500223E+00, -0.21163885E+00, -0.72756247E+00, -0.12245301E+00
     5705.,  0.14661037E-01,  0.13603455E-01,  0.24500223E+00, -0.21119975E+00, -0.72197503E+00, -0.15619562E+00
     5706.,  0.10000000E-01,  0.17320508E-01,  0.24500223E+00, -0.21398448E+00, -0.71711111E+00, -0.17605956E+00
     5707.,  0.44504187E-02,  0.19498558E-01,  0.24500223E+00, -0.21902527E+00, -0.71466105E+00, -0.18027985E+00
     5708., -0.14946019E-02,  0.19944076E-01,  0.24500223E+00, -0.22457033E+00, -0.71547630E+00, -0.16848147E+00
     5709., -0.73068205E-02,  0.18617475E-01,  0.24500223E+00, -0.22869263E+00, -0.71927351E+00, -0.14171278E+00
     5710., -0.12469796E-01,  0.15636630E-01,  0.24500223E+00, -0.22995958E+00, -0.72473310E+00, -0.10235228E+00
     5711., -0.16524775E-01,  0.11266401E-01,  0.24500223E+00, -0.22793089E+00, -0.72995773E+00, -0.53897339E-01
     5712., -0.19111456E-01,  0.58951035E-02,  0.24500223E+00, -0.22331157E+00, -0.73313171E+00, -0.65338539E-03
     5713., -0.19111456E-01, -0.58951035E-02,  0.23249318E+00, -0.24383846E+00, -0.83530096E+00,  0.75099581E-01
     5714., -0.16524775E-01, -0.11266401E-01,  0.23249318E+00, -0.24148355E+00, -0.82936408E+00,  0.10448398E+00
     5715., -0.12469796E-01, -0.15636630E-01,  0.23249318E+00, -0.24288220E+00, -0.82313222E+00,  0.12458453E+00
     5716., -0.73068205E-02, -0.18617475E-01,  0.23249318E+00, -0.24754835E+00, -0.81877110E+00,  0.13361520E+00
     5717., -0.14946019E-02, -0.19944076E-01,  0.23249318E+00, -0.25386041E+00, -0.81779633E+00,  0.13077357E+00
     5718.,  0.44504187E-02, -0.19498558E-01,  0.23249318E+00, -0.25962479E+00, -0.82054664E+00,  0.11631213E+00
     5719.,  0.10000000E-01, -0.17320508E-01,  0.23249318E+00, -0.26283825E+00, -0.82606624E+00,  0.91515846E-01
     5720.,  0.14661037E-01, -0.13603455E-01,  0.23249318E+00, -0.26238402E+00, -0.83243696E+00,  0.58587980E-01
     5721.,  0.18019377E-01, -0.86776748E-02,  0.23249318E+00, -0.25841998E+00, -0.83744482E+00,  0.20454321E-01
     5722.,  0.19776617E-01, -0.29808453E-02,  0.23249318E+00, -0.25232370E+00, -0.83934948E+00, -0.19496798E-01
     5723.,  0.19776617E-01,  0.29808453E-02,  0.23249318E+00, -0.24621379E+00, -0.83748903E+00, -0.57715550E-01
     5724.,  0.18019377E-01,  0.86776748E-02,  0.23249318E+00, -0.24221357E+00, -0.83251003E+00, -0.90806015E-01
     5725.,  0.14661037E-01,  0.13603455E-01,  0.23249318E+00, -0.24171320E+00, -0.82614278E+00, -0.11582796E+00
     5726.,  0.10000000E-01,  0.17320508E-01,  0.23249318E+00, -0.24488658E+00, -0.82060003E+00, -0.13055809E+00
     5727.,  0.44504187E-02,  0.19498558E-01,  0.23249318E+00, -0.25063088E+00, -0.81780804E+00, -0.13368756E+00
     5728., -0.14946019E-02,  0.19944076E-01,  0.23249318E+00, -0.25694983E+00, -0.81873707E+00, -0.12493831E+00
     5729., -0.73068205E-02,  0.18617475E-01,  0.23249318E+00, -0.26164745E+00, -0.82306424E+00, -0.10508773E+00
     5730., -0.12469796E-01,  0.15636630E-01,  0.23249318E+00, -0.26309122E+00, -0.82928580E+00, -0.75899648E-01
     5731., -0.16524775E-01,  0.11266401E-01,  0.23249318E+00, -0.26077939E+00, -0.83523959E+00, -0.39967554E-01
     5732., -0.19111456E-01,  0.58951035E-02,  0.23249318E+00, -0.25551537E+00, -0.83885654E+00, -0.48416915E-03
     5733., -0.19111456E-01, -0.58951035E-02,  0.22044414E+00, -0.26438259E+00, -0.90557882E+00,  0.47159853E-01
     5734., -0.16524775E-01, -0.11266401E-01,  0.22044414E+00, -0.26183590E+00, -0.89915844E+00,  0.65611957E-01
     5735., -0.12469796E-01, -0.15636630E-01,  0.22044414E+00, -0.26334845E+00, -0.89241906E+00,  0.78234152E-01
     5736., -0.73068205E-02, -0.18617475E-01,  0.22044414E+00, -0.26839462E+00, -0.88770278E+00,  0.83904901E-01
     5737., -0.14946019E-02, -0.19944076E-01,  0.22044414E+00, -0.27522073E+00, -0.88664863E+00,  0.82120332E-01
     5738.,  0.44504187E-02, -0.19498558E-01,  0.22044414E+00, -0.28145455E+00, -0.88962292E+00,  0.73039009E-01
     5739.,  0.10000000E-01, -0.17320508E-01,  0.22044414E+00, -0.28492971E+00, -0.89559204E+00,  0.57467850E-01
     5740.,  0.14661037E-01, -0.13603455E-01,  0.22044414E+00, -0.28443850E+00, -0.90248158E+00,  0.36790419E-01
     5741.,  0.18019377E-01, -0.86776748E-02,  0.22044414E+00, -0.28015162E+00, -0.90789728E+00,  0.12844003E-01
     5742.,  0.19776617E-01, -0.29808453E-02,  0.22044414E+00, -0.27355886E+00, -0.90995706E+00, -0.12243662E-01
     5743.,  0.19776617E-01,  0.29808453E-02,  0.22044414E+00, -0.26695136E+00, -0.90794509E+00, -0.36243428E-01
     5744.,  0.18019377E-01,  0.86776748E-02,  0.22044414E+00, -0.26262537E+00, -0.90256060E+00, -0.57022801E-01
     5745.,  0.14661037E-01,  0.13603455E-01,  0.22044414E+00, -0.26208425E+00, -0.89567481E+00, -0.72735449E-01
     5746.,  0.10000000E-01,  0.17320508E-01,  0.22044414E+00, -0.26551607E+00, -0.88968067E+00, -0.81985233E-01
     5747.,  0.44504187E-02,  0.19498558E-01,  0.22044414E+00, -0.27172819E+00, -0.88666130E+00, -0.83950271E-01
     5748., -0.14946019E-02,  0.19944076E-01,  0.22044414E+00, -0.27856175E+00, -0.88766598E+00, -0.78455960E-01
     5749., -0.73068205E-02,  0.18617475E-01,  0.22044414E+00, -0.28364194E+00, -0.89234556E+00, -0.65990490E-01
     5750., -0.12469796E-01,  0.15636630E-01,  0.22044414E+00, -0.28520329E+00, -0.89907380E+00, -0.47661471E-01
     5751., -0.16524775E-01,  0.11266401E-01,  0.22044414E+00, -0.28270318E+00, -0.90551246E+00, -0.25097529E-01
     5752., -0.19111456E-01,  0.58951035E-02,  0.22044414E+00, -0.27701046E+00, -0.90942397E+00, -0.30356068E-03
     5753., -0.19111456E-01, -0.58951035E-02,  0.20883819E+00, -0.27503687E+00, -0.94201032E+00,  0.18662174E-01
     5754., -0.16524775E-01, -0.11266401E-01,  0.20883819E+00, -0.27239166E+00, -0.93534156E+00,  0.25963672E-01
     5755., -0.12469796E-01, -0.15636630E-01,  0.20883819E+00, -0.27396273E+00, -0.92834146E+00,  0.30958182E-01
     5756., -0.73068205E-02, -0.18617475E-01,  0.20883819E+00, -0.27920412E+00, -0.92344274E+00,  0.33201925E-01
     5757., -0.14946019E-02, -0.19944076E-01,  0.20883819E+00, -0.28629430E+00, -0.92234781E+00,  0.32495530E-01
     5758.,  0.44504187E-02, -0.19498558E-01,  0.20883819E+00, -0.29276928E+00, -0.92543716E+00,  0.28901765E-01
     5759.,  0.10000000E-01, -0.17320508E-01,  0.20883819E+00, -0.29637888E+00, -0.93163720E+00,  0.22739948E-01
     5760.,  0.14661037E-01, -0.13603455E-01,  0.20883819E+00, -0.29586865E+00, -0.93879327E+00,  0.14557588E-01
     5761.,  0.18019377E-01, -0.86776748E-02,  0.20883819E+00, -0.29141593E+00, -0.94441848E+00,  0.50817234E-02
     5762.,  0.19776617E-01, -0.29808453E-02,  0.20883819E+00, -0.28456813E+00, -0.94655793E+00, -0.48456750E-02
     5763.,  0.19776617E-01,  0.29808453E-02,  0.20883819E+00, -0.27770501E+00, -0.94446813E+00, -0.14342515E-01
     5764.,  0.18019377E-01,  0.86776748E-02,  0.20883819E+00, -0.27321167E+00, -0.93887533E+00, -0.22564957E-01
     5765.,  0.14661037E-01,  0.13603455E-01,  0.20883819E+00, -0.27264962E+00, -0.93172315E+00, -0.28782404E-01
     5766.,  0.10000000E-01,  0.17320508E-01,  0.20883819E+00, -0.27621420E+00, -0.92549712E+00, -0.32442408E-01
     5767.,  0.44504187E-02,  0.19498558E-01,  0.20883819E+00, -0.28266664E+00, -0.92236095E+00, -0.33219762E-01
     5768., -0.14946019E-02,  0.19944076E-01,  0.20883819E+00, -0.28976456E+00, -0.92340451E+00, -0.31045394E-01
     5769., -0.73068205E-02,  0.18617475E-01,  0.20883819E+00, -0.29504128E+00, -0.92826512E+00, -0.26112508E-01
     5770., -0.12469796E-01,  0.15636630E-01,  0.20883819E+00, -0.29666303E+00, -0.93525365E+00, -0.18859409E-01
     5771., -0.16524775E-01,  0.11266401E-01,  0.20883819E+00, -0.29406620E+00, -0.94194140E+00, -0.99305721E-02
     5772., -0.19111456E-01,  0.58951035E-02,  0.20883819E+00, -0.28815326E+00, -0.94600422E+00, -0.11936037E-03
     5773., -0.19111456E-01, -0.58951035E-02,  0.19765905E+00, -0.27649211E+00, -0.94696188E+00, -0.93635204E-02
     5774., -0.16524775E-01, -0.11266401E-01,  0.19765905E+00, -0.27383498E+00, -0.94026305E+00, -0.13027953E-01
     5775., -0.12469796E-01, -0.15636630E-01,  0.19765905E+00, -0.27541314E+00, -0.93323140E+00, -0.15534795E-01
     5776., -0.73068205E-02, -0.18617475E-01,  0.19765905E+00, -0.28067816E+00, -0.92831058E+00, -0.16661303E-01
     5777., -0.14946019E-02, -0.19944076E-01,  0.19765905E+00, -0.28780031E+00, -0.92721072E+00, -0.16307381E-01
     5778.,  0.44504187E-02, -0.19498558E-01,  0.19765905E+00, -0.29430449E+00, -0.93031401E+00, -0.14504476E-01
     5779.,  0.10000000E-01, -0.17320508E-01,  0.19765905E+00, -0.29793035E+00, -0.93654200E+00, -0.11412786E-01
     5780.,  0.14661037E-01, -0.13603455E-01,  0.19765905E+00, -0.29741783E+00, -0.94373034E+00, -0.73070194E-02
     5781.,  0.18019377E-01, -0.86776748E-02,  0.19765905E+00, -0.29294503E+00, -0.94938091E+00, -0.25519931E-02
     5782.,  0.19776617E-01, -0.29808453E-02,  0.19765905E+00, -0.28606636E+00, -0.95153001E+00,  0.24297895E-02
     5783.,  0.19776617E-01,  0.29808453E-02,  0.19765905E+00, -0.27917229E+00, -0.94943078E+00,  0.71956752E-02
     5784.,  0.18019377E-01,  0.86776748E-02,  0.19765905E+00, -0.27465869E+00, -0.94381277E+00,  0.11322192E-01
     5785.,  0.14661037E-01,  0.13603455E-01,  0.19765905E+00, -0.27409410E+00, -0.93662834E+00,  0.14442683E-01
     5786.,  0.10000000E-01,  0.17320508E-01,  0.19765905E+00, -0.27767476E+00, -0.93037424E+00,  0.16279879E-01
     5787.,  0.44504187E-02,  0.19498558E-01,  0.19765905E+00, -0.28415630E+00, -0.92722392E+00,  0.16670535E-01
     5788., -0.14946019E-02,  0.19944076E-01,  0.19765905E+00, -0.29128622E+00, -0.92827219E+00,  0.15579942E-01
     5789., -0.73068205E-02,  0.18617475E-01,  0.19765905E+00, -0.29658673E+00, -0.93315471E+00,  0.13105001E-01
     5790., -0.12469796E-01,  0.15636630E-01,  0.19765905E+00, -0.29821579E+00, -0.94017475E+00,  0.94656233E-02
     5791., -0.16524775E-01,  0.11266401E-01,  0.19765905E+00, -0.29560725E+00, -0.94689266E+00,  0.49851840E-02
     5792., -0.19111456E-01,  0.58951035E-02,  0.19765905E+00, -0.28966764E+00, -0.95097380E+00,  0.61789394E-04
     5793., -0.19111456E-01, -0.58951035E-02,  0.18689100E+00, -0.26968213E+00, -0.92363123E+00, -0.36077477E-01
     5794., -0.16524775E-01, -0.11266401E-01,  0.18689100E+00, -0.26709073E+00, -0.91709811E+00, -0.50194577E-01
     5795., -0.12469796E-01, -0.15636630E-01,  0.18689100E+00, -0.26862985E+00, -0.91024040E+00, -0.59851671E-01
     5796., -0.73068205E-02, -0.18617475E-01,  0.18689100E+00, -0.27376464E+00, -0.90544131E+00, -0.64190681E-01
     5797., -0.14946019E-02, -0.19944076E-01,  0.18689100E+00, -0.28071061E+00, -0.90436866E+00, -0.62826069E-01
     5798.,  0.44504187E-02, -0.19498558E-01,  0.18689100E+00, -0.28705389E+00, -0.90739519E+00, -0.55879085E-01
     5799.,  0.10000000E-01, -0.17320508E-01,  0.18689100E+00, -0.29059006E+00, -0.91346912E+00, -0.43966995E-01
     5800.,  0.14661037E-01, -0.13603455E-01,  0.18689100E+00, -0.29009022E+00, -0.92047964E+00, -0.28148245E-01
     5801.,  0.18019377E-01, -0.86776748E-02,  0.18689100E+00, -0.28572806E+00, -0.92599043E+00, -0.98284030E-02
     5802.,  0.19776617E-01, -0.29808453E-02,  0.18689100E+00, -0.27901954E+00, -0.92808637E+00,  0.93647366E-02
     5803.,  0.19776617E-01,  0.29808453E-02,  0.18689100E+00, -0.27229601E+00, -0.92603907E+00,  0.27725781E-01
     5804.,  0.18019377E-01,  0.86776748E-02,  0.18689100E+00, -0.26789406E+00, -0.92056003E+00,  0.43623266E-01
     5805.,  0.14661037E-01,  0.13603455E-01,  0.18689100E+00, -0.26734345E+00, -0.91355332E+00,  0.55644630E-01
     5806.,  0.10000000E-01,  0.17320508E-01,  0.18689100E+00, -0.27083553E+00, -0.90745393E+00,  0.62721725E-01
     5807.,  0.44504187E-02,  0.19498558E-01,  0.18689100E+00, -0.27715673E+00, -0.90438154E+00,  0.64225721E-01
     5808., -0.14946019E-02,  0.19944076E-01,  0.18689100E+00, -0.28411028E+00, -0.90540388E+00,  0.60022980E-01
     5809., -0.73068205E-02,  0.18617475E-01,  0.18689100E+00, -0.28927967E+00, -0.91016563E+00,  0.50486934E-01
     5810., -0.12469796E-01,  0.15636630E-01,  0.18689100E+00, -0.29086843E+00, -0.91701201E+00,  0.36464899E-01
     5811., -0.16524775E-01,  0.11266401E-01,  0.18689100E+00, -0.28832441E+00, -0.92356373E+00,  0.19202801E-01
     5812., -0.19111456E-01,  0.58951035E-02,  0.18689100E+00, -0.28253173E+00, -0.92754391E+00,  0.23445244E-03
     5813., -0.19111456E-01, -0.58951035E-02,  0.17651895E+00, -0.25568946E+00, -0.87572474E+00, -0.60827958E-01
     5814., -0.16524775E-01, -0.11266401E-01,  0.17651895E+00, -0.25323114E+00, -0.86952711E+00, -0.84629452E-01
     5815., -0.12469796E-01, -0.15636630E-01,  0.17651895E+00, -0.25469122E+00, -0.86302154E+00, -0.10091125E+00
     5816., -0.73068205E-02, -0.18617475E-01,  0.17651895E+00, -0.25956233E+00, -0.85846890E+00, -0.10822664E+00
     5817., -0.14946019E-02, -0.19944076E-01,  0.17651895E+00, -0.26615162E+00, -0.85745133E+00, -0.10592562E+00
     5818.,  0.44504187E-02, -0.19498558E-01,  0.17651895E+00, -0.27216917E+00, -0.86032244E+00, -0.94212644E-01
     5819.,  0.10000000E-01, -0.17320508E-01,  0.17651895E+00, -0.27552376E+00, -0.86608447E+00, -0.74128456E-01
     5820.,  0.14661037E-01, -0.13603455E-01,  0.17651895E+00, -0.27504957E+00, -0.87273500E+00, -0.47457631E-01
     5821.,  0.18019377E-01, -0.86776748E-02,  0.17651895E+00, -0.27091141E+00, -0.87796281E+00, -0.16569993E-01
     5822.,  0.19776617E-01, -0.29808453E-02,  0.17651895E+00, -0.26454737E+00, -0.87995111E+00,  0.15789964E-01
     5823.,  0.19776617E-01,  0.29808453E-02,  0.17651895E+00, -0.25816910E+00, -0.87800894E+00,  0.46746921E-01
     5824.,  0.18019377E-01,  0.86776748E-02,  0.17651895E+00, -0.25399320E+00, -0.87281125E+00,  0.73550203E-01
     5825.,  0.14661037E-01,  0.13603455E-01,  0.17651895E+00, -0.25347086E+00, -0.86616434E+00,  0.93818224E-01
     5826.,  0.10000000E-01,  0.17320508E-01,  0.17651895E+00, -0.25678362E+00, -0.86037816E+00,  0.10575009E+00
     5827.,  0.44504187E-02,  0.19498558E-01,  0.17651895E+00, -0.26278023E+00, -0.85746354E+00,  0.10828559E+00
     5828., -0.14946019E-02,  0.19944076E-01,  0.17651895E+00, -0.26937670E+00, -0.85843338E+00,  0.10119945E+00
     5829., -0.73068205E-02,  0.18617475E-01,  0.17651895E+00, -0.27428065E+00, -0.86295062E+00,  0.85121285E-01
     5830., -0.12469796E-01,  0.15636630E-01,  0.17651895E+00, -0.27578782E+00, -0.86944543E+00,  0.61479720E-01
     5831., -0.16524775E-01,  0.11266401E-01,  0.17651895E+00, -0.27337444E+00, -0.87566071E+00,  0.32375419E-01
     5832., -0.19111456E-01,  0.58951035E-02,  0.17651895E+00, -0.26787922E+00, -0.87943651E+00,  0.39442124E-03
     5833., -0.19111456E-01, -0.58951035E-02,  0.16652831E+00, -0.23566685E+00, -0.80718875E+00, -0.83139938E-01
     5834., -0.16524775E-01, -0.11266401E-01,  0.16652831E+00, -0.23339798E+00, -0.80146875E+00, -0.11567168E+00
     5835., -0.12469796E-01, -0.15636630E-01,  0.16652831E+00, -0.23474555E+00, -0.79546455E+00, -0.13792549E+00
     5836., -0.73068205E-02, -0.18617475E-01,  0.16652831E+00, -0.23924125E+00, -0.79126277E+00, -0.14792401E+00
     5837., -0.14946019E-02, -0.19944076E-01,  0.16652831E+00, -0.24532272E+00, -0.79032363E+00, -0.14477884E+00
     5838.,  0.44504187E-02, -0.19498558E-01,  0.16652831E+00, -0.25087651E+00, -0.79297348E+00, -0.12876943E+00
     5839.,  0.10000000E-01, -0.17320508E-01,  0.16652831E+00, -0.25397257E+00, -0.79829145E+00, -0.10131829E+00
     5840.,  0.14661037E-01, -0.13603455E-01,  0.16652831E+00, -0.25353492E+00, -0.80442944E+00, -0.64864576E-01
     5841.,  0.18019377E-01, -0.86776748E-02,  0.16652831E+00, -0.24971567E+00, -0.80925435E+00, -0.22647365E-01
     5842.,  0.19776617E-01, -0.29808453E-02,  0.16652831E+00, -0.24384210E+00, -0.81108942E+00,  0.21582165E-01
     5843.,  0.19776617E-01,  0.29808453E-02,  0.16652831E+00, -0.23795539E+00, -0.80929692E+00,  0.63894035E-01
     5844.,  0.18019377E-01,  0.86776748E-02,  0.16652831E+00, -0.23410131E+00, -0.80449980E+00,  0.10052863E+00
     5845.,  0.14661037E-01,  0.13603455E-01,  0.16652831E+00, -0.23361923E+00, -0.79836515E+00,  0.12823081E+00
     5846.,  0.10000000E-01,  0.17320508E-01,  0.16652831E+00, -0.23667668E+00, -0.79302489E+00,  0.14453913E+00
     5847.,  0.44504187E-02,  0.19498558E-01,  0.16652831E+00, -0.24221115E+00, -0.79033490E+00,  0.14800451E+00
     5848., -0.14946019E-02,  0.19944076E-01,  0.16652831E+00, -0.24829925E+00, -0.79123000E+00,  0.13831904E+00
     5849., -0.73068205E-02,  0.18617475E-01,  0.16652831E+00, -0.25282525E+00, -0.79539910E+00,  0.11634332E+00
     5850., -0.12469796E-01,  0.15636630E-01,  0.16652831E+00, -0.25421627E+00, -0.80139337E+00,  0.84029975E-01
     5851., -0.16524775E-01,  0.11266401E-01,  0.16652831E+00, -0.25198889E+00, -0.80712966E+00,  0.44250207E-01
     5852., -0.19111456E-01,  0.58951035E-02,  0.16652831E+00, -0.24691717E+00, -0.81061446E+00,  0.53861599E-03
     5853., -0.19111456E-01, -0.58951035E-02,  0.15690508E+00, -0.21077471E+00, -0.72199549E+00, -0.10269754E+00
     5854., -0.16524775E-01, -0.11266401E-01,  0.15690508E+00, -0.20874070E+00, -0.71686755E+00, -0.14288179E+00
     5855., -0.12469796E-01, -0.15636630E-01,  0.15690508E+00, -0.20994878E+00, -0.71148483E+00, -0.17037036E+00
     5856., -0.73068205E-02, -0.18617475E-01,  0.15690508E+00, -0.21397915E+00, -0.70771797E+00, -0.18272079E+00
     5857., -0.14946019E-02, -0.19944076E-01,  0.15690508E+00, -0.21943115E+00, -0.70687604E+00, -0.17883567E+00
     5858.,  0.44504187E-02, -0.19498558E-01,  0.15690508E+00, -0.22441008E+00, -0.70925161E+00, -0.15906021E+00
     5859.,  0.10000000E-01, -0.17320508E-01,  0.15690508E+00, -0.22718567E+00, -0.71401914E+00, -0.12515156E+00
     5860.,  0.14661037E-01, -0.13603455E-01,  0.15690508E+00, -0.22679332E+00, -0.71952180E+00, -0.80122639E-01
     5861.,  0.18019377E-01, -0.86776748E-02,  0.15690508E+00, -0.22336939E+00, -0.72384730E+00, -0.27974479E-01
     5862.,  0.19776617E-01, -0.29808453E-02,  0.15690508E+00, -0.21810377E+00, -0.72549243E+00,  0.26659340E-01
     5863.,  0.19776617E-01,  0.29808453E-02,  0.15690508E+00, -0.21282637E+00, -0.72388547E+00,  0.78924373E-01
     5864.,  0.18019377E-01,  0.86776748E-02,  0.15690508E+00, -0.20937122E+00, -0.71958488E+00,  0.12417662E+00
     5865.,  0.14661037E-01,  0.13603455E-01,  0.15690508E+00, -0.20893904E+00, -0.71408521E+00,  0.15839522E+00
     5866.,  0.10000000E-01,  0.17320508E-01,  0.15690508E+00, -0.21168003E+00, -0.70929771E+00,  0.17853972E+00
     5867.,  0.44504187E-02,  0.19498558E-01,  0.15690508E+00, -0.21664163E+00, -0.70688615E+00,  0.18282018E+00
     5868., -0.14946019E-02,  0.19944076E-01,  0.15690508E+00, -0.22209957E+00, -0.70768860E+00,  0.17085626E+00
     5869., -0.73068205E-02,  0.18617475E-01,  0.15690508E+00, -0.22615710E+00, -0.71142617E+00,  0.14371102E+00
     5870., -0.12469796E-01,  0.15636630E-01,  0.15690508E+00, -0.22740414E+00, -0.71679999E+00,  0.10379641E+00
     5871., -0.16524775E-01,  0.11266401E-01,  0.15690508E+00, -0.22540730E+00, -0.72194252E+00,  0.54659049E-01
     5872., -0.19111456E-01,  0.58951035E-02,  0.15690508E+00, -0.22086055E+00, -0.72506662E+00,  0.66499199E-03
     5873., -0.19111456E-01, -0.58951035E-02,  0.14763573E+00, -0.18213373E+00, -0.62398083E+00, -0.11932319E+00
     5874., -0.16524775E-01, -0.11266401E-01,  0.14763573E+00, -0.18036935E+00, -0.61953264E+00, -0.16601272E+00
     5875., -0.12469796E-01, -0.15636630E-01,  0.14763573E+00, -0.18141730E+00, -0.61486346E+00, -0.19795129E+00
     5876., -0.73068205E-02, -0.18617475E-01,  0.14763573E+00, -0.18491341E+00, -0.61159593E+00, -0.21230102E+00
     5877., -0.14946019E-02, -0.19944076E-01,  0.14763573E+00, -0.18964269E+00, -0.61086561E+00, -0.20778688E+00
     5878.,  0.44504187E-02, -0.19498558E-01,  0.14763573E+00, -0.19396162E+00, -0.61292628E+00, -0.18480996E+00
     5879.,  0.10000000E-01, -0.17320508E-01,  0.14763573E+00, -0.19636927E+00, -0.61706183E+00, -0.14541186E+00
     5880.,  0.14661037E-01, -0.13603455E-01,  0.14763573E+00, -0.19602893E+00, -0.62183507E+00, -0.93093276E-01
     5881.,  0.18019377E-01, -0.86776748E-02,  0.14763573E+00, -0.19305887E+00, -0.62558718E+00, -0.32502958E-01
     5882.,  0.19776617E-01, -0.29808453E-02,  0.14763573E+00, -0.18849125E+00, -0.62701423E+00,  0.30975394E-01
     5883.,  0.19776617E-01,  0.29808453E-02,  0.14763573E+00, -0.18391343E+00, -0.62562028E+00,  0.91701461E-01
     5884.,  0.18019377E-01,  0.86776748E-02,  0.14763573E+00, -0.18091629E+00, -0.62188978E+00,  0.14427944E+00
     5885.,  0.14661037E-01,  0.13603455E-01,  0.14763573E+00, -0.18054139E+00, -0.61711914E+00,  0.18403755E+00
     5886.,  0.10000000E-01,  0.17320508E-01,  0.14763573E+00, -0.18291904E+00, -0.61296626E+00,  0.20744312E+00
     5887.,  0.44504187E-02,  0.19498558E-01,  0.14763573E+00, -0.18722294E+00, -0.61087438E+00,  0.21241647E+00
     5888., -0.14946019E-02,  0.19944076E-01,  0.14763573E+00, -0.19195737E+00, -0.61157046E+00,  0.19851567E+00
     5889., -0.73068205E-02,  0.18617475E-01,  0.14763573E+00, -0.19547704E+00, -0.61481258E+00,  0.16697589E+00
     5890., -0.12469796E-01,  0.15636630E-01,  0.14763573E+00, -0.19655877E+00, -0.61947405E+00,  0.12059956E+00
     5891., -0.16524775E-01,  0.11266401E-01,  0.14763573E+00, -0.19482663E+00, -0.62393489E+00,  0.63507438E-01
     5892., -0.19111456E-01,  0.58951035E-02,  0.14763573E+00, -0.19088259E+00, -0.62664486E+00,  0.77240627E-03
     5893., -0.19111456E-01, -0.58951035E-02,  0.13870725E+00, -0.15079088E+00, -0.51672804E+00, -0.13295545E+00
     5894., -0.16524775E-01, -0.11266401E-01,  0.13870725E+00, -0.14932103E+00, -0.51302239E+00, -0.18497900E+00
     5895., -0.12469796E-01, -0.15636630E-01,  0.13870725E+00, -0.15019405E+00, -0.50913263E+00, -0.22056635E+00
     5896., -0.73068205E-02, -0.18617475E-01,  0.13870725E+00, -0.15310656E+00, -0.50641056E+00, -0.23655542E+00
     5897., -0.14946019E-02, -0.19944076E-01,  0.13870725E+00, -0.15704639E+00, -0.50580215E+00, -0.23152550E+00
     5898.,  0.44504187E-02, -0.19498558E-01,  0.13870725E+00, -0.16064436E+00, -0.50751885E+00, -0.20592352E+00
     5899.,  0.10000000E-01, -0.17320508E-01,  0.13870725E+00, -0.16265010E+00, -0.51096405E+00, -0.16202433E+00
     5900.,  0.14661037E-01, -0.13603455E-01,  0.13870725E+00, -0.16236656E+00, -0.51494050E+00, -0.10372857E+00
     5901.,  0.18019377E-01, -0.86776748E-02,  0.13870725E+00, -0.15989229E+00, -0.51806627E+00, -0.36216078E-01
     5902.,  0.19776617E-01, -0.29808453E-02,  0.13870725E+00, -0.15608714E+00, -0.51925510E+00,  0.34514373E-01
     5903.,  0.19776617E-01,  0.29808453E-02,  0.13870725E+00, -0.15227348E+00, -0.51809384E+00,  0.10217809E+00
     5904.,  0.18019377E-01,  0.86776748E-02,  0.13870725E+00, -0.14977665E+00, -0.51498606E+00,  0.16076282E+00
     5905.,  0.14661037E-01,  0.13603455E-01,  0.13870725E+00, -0.14946434E+00, -0.51101178E+00,  0.20506306E+00
     5906.,  0.10000000E-01,  0.17320508E-01,  0.13870725E+00, -0.15144509E+00, -0.50755214E+00,  0.23114255E+00
     5907.,  0.44504187E-02,  0.19498558E-01,  0.13870725E+00, -0.15503054E+00, -0.50580946E+00,  0.23668402E+00
     5908., -0.14946019E-02,  0.19944076E-01,  0.13870725E+00, -0.15897467E+00, -0.50638934E+00,  0.22119508E+00
     5909., -0.73068205E-02,  0.18617475E-01,  0.13870725E+00, -0.16190679E+00, -0.50909026E+00,  0.18605197E+00
     5910., -0.12469796E-01,  0.15636630E-01,  0.13870725E+00, -0.16280795E+00, -0.51297359E+00,  0.13437733E+00
     5911., -0.16524775E-01,  0.11266401E-01,  0.13870725E+00, -0.16136495E+00, -0.51668978E+00,  0.70762679E-01
     5912., -0.19111456E-01,  0.58951035E-02,  0.13870725E+00, -0.15807929E+00, -0.51894737E+00,  0.86046186E-03
     5913., -0.19111456E-01, -0.58951035E-02,  0.13010711E+00, -0.11769701E+00, -0.40349122E+00, -0.14362723E+00
     5914., -0.16524775E-01, -0.11266401E-01,  0.13010711E+00, -0.11653764E+00, -0.40056829E+00, -0.19982640E+00
     5915., -0.12469796E-01, -0.15636630E-01,  0.13010711E+00, -0.11722626E+00, -0.39750014E+00, -0.23827012E+00
     5916., -0.73068205E-02, -0.18617475E-01,  0.13010711E+00, -0.11952358E+00, -0.39535304E+00, -0.25554250E+00
     5917., -0.14946019E-02, -0.19944076E-01,  0.13010711E+00, -0.12263123E+00, -0.39487315E+00, -0.25010881E+00
     5918.,  0.44504187E-02, -0.19498558E-01,  0.13010711E+00, -0.12546922E+00, -0.39622724E+00, -0.22245186E+00
     5919.,  0.10000000E-01, -0.17320508E-01,  0.13010711E+00, -0.12705130E+00, -0.39894474E+00, -0.17502907E+00
     5920.,  0.14661037E-01, -0.13603455E-01,  0.13010711E+00, -0.12682765E+00, -0.40208127E+00, -0.11205418E+00
     5921.,  0.18019377E-01, -0.86776748E-02,  0.13010711E+00, -0.12487599E+00, -0.40454681E+00, -0.39122803E-01
     5922.,  0.19776617E-01, -0.29808453E-02,  0.13010711E+00, -0.12187457E+00, -0.40548453E+00,  0.37284815E-01
     5923.,  0.19776617E-01,  0.29808453E-02,  0.13010711E+00, -0.11886645E+00, -0.40456855E+00,  0.11037953E+00
     5924.,  0.18019377E-01,  0.86776748E-02,  0.13010711E+00, -0.11689701E+00, -0.40211720E+00,  0.17366653E+00
     5925.,  0.14661037E-01,  0.13603455E-01,  0.13010711E+00, -0.11665067E+00, -0.39898238E+00,  0.22152248E+00
     5926.,  0.10000000E-01,  0.17320508E-01,  0.13010711E+00, -0.11821304E+00, -0.39625350E+00,  0.24969520E+00
     5927.,  0.44504187E-02,  0.19498558E-01,  0.13010711E+00, -0.12104116E+00, -0.39487891E+00,  0.25568141E+00
     5928., -0.14946019E-02,  0.19944076E-01,  0.13010711E+00, -0.12415219E+00, -0.39533631E+00,  0.23894920E+00
     5929., -0.73068205E-02,  0.18617475E-01,  0.13010711E+00, -0.12646498E+00, -0.39746673E+00,  0.20098530E+00
     5930., -0.12469796E-01,  0.15636630E-01,  0.13010711E+00, -0.12717578E+00, -0.40052981E+00,  0.14516297E+00
     5931., -0.16524775E-01,  0.11266401E-01,  0.13010711E+00, -0.12603758E+00, -0.40346105E+00,  0.76442284E-01
     5932., -0.19111456E-01,  0.58951035E-02,  0.13010711E+00, -0.12344593E+00, -0.40524178E+00,  0.92937058E-03
     5933., -0.19111456E-01, -0.58951035E-02,  0.12182324E+00, -0.83693999E-01, -0.28715120E+00, -0.15144508E+00
     5934., -0.16524775E-01, -0.11266401E-01,  0.12182324E+00, -0.82853121E-01, -0.28503122E+00, -0.21070319E+00
     5935., -0.12469796E-01, -0.15636630E-01,  0.12182324E+00, -0.83352580E-01, -0.28280592E+00, -0.25123940E+00
     5936., -0.73068205E-02, -0.18617475E-01,  0.12182324E+00, -0.85018817E-01, -0.28124865E+00, -0.26945189E+00
     5937., -0.14946019E-02, -0.19944076E-01,  0.12182324E+00, -0.87272770E-01, -0.28090060E+00, -0.26372240E+00
     5938.,  0.44504187E-02, -0.19498558E-01,  0.12182324E+00, -0.89331140E-01, -0.28188272E+00, -0.23456002E+00
     5939.,  0.10000000E-01, -0.17320508E-01,  0.12182324E+00, -0.90478604E-01, -0.28385371E+00, -0.18455594E+00
     5940.,  0.14661037E-01, -0.13603455E-01,  0.12182324E+00, -0.90316385E-01, -0.28612861E+00, -0.11815326E+00
     5941.,  0.18019377E-01, -0.86776748E-02,  0.12182324E+00, -0.88900859E-01, -0.28791684E+00, -0.41252154E-01
     5942.,  0.19776617E-01, -0.29808453E-02,  0.12182324E+00, -0.86723948E-01, -0.28859696E+00,  0.39314390E-01
     5943.,  0.19776617E-01,  0.29808453E-02,  0.12182324E+00, -0.84542176E-01, -0.28793260E+00,  0.11638770E+00
     5944.,  0.18019377E-01,  0.86776748E-02,  0.12182324E+00, -0.83113756E-01, -0.28615466E+00,  0.18311943E+00
     5945.,  0.14661037E-01,  0.13603455E-01,  0.12182324E+00, -0.82935087E-01, -0.28388100E+00,  0.23358019E+00
     5946.,  0.10000000E-01,  0.17320508E-01,  0.12182324E+00, -0.84068262E-01, -0.28190176E+00,  0.26328634E+00
     5947.,  0.44504187E-02,  0.19498558E-01,  0.12182324E+00, -0.86119478E-01, -0.28090478E+00,  0.26959834E+00
     5948., -0.14946019E-02,  0.19944076E-01,  0.12182324E+00, -0.88375881E-01, -0.28123653E+00,  0.25195534E+00
     5949., -0.73068205E-02,  0.18617475E-01,  0.12182324E+00, -0.90053329E-01, -0.28278170E+00,  0.21192501E+00
     5950., -0.12469796E-01,  0.15636630E-01,  0.12182324E+00, -0.90568869E-01, -0.28500333E+00,  0.15306420E+00
     5951., -0.16524775E-01,  0.11266401E-01,  0.12182324E+00, -0.89743338E-01, -0.28712933E+00,  0.80602973E-01
     5952., -0.19111456E-01,  0.58951035E-02,  0.12182324E+00, -0.87863632E-01, -0.28842088E+00,  0.97982509E-03
     5953., -0.19111456E-01, -0.58951035E-02,  0.11384399E+00, -0.49509372E-01, -0.17019736E+00, -0.15657067E+00
     5954., -0.16524775E-01, -0.11266401E-01,  0.11384399E+00, -0.48988188E-01, -0.16888335E+00, -0.21783428E+00
     5955., -0.12469796E-01, -0.15636630E-01,  0.11384399E+00, -0.49297771E-01, -0.16750407E+00, -0.25974236E+00
     5956., -0.73068205E-02, -0.18617475E-01,  0.11384399E+00, -0.50330544E-01, -0.16653885E+00, -0.27857120E+00
     5957., -0.14946019E-02, -0.19944076E-01,  0.11384399E+00, -0.51727589E-01, -0.16632314E+00, -0.27264777E+00
     5958.,  0.44504187E-02, -0.19498558E-01,  0.11384399E+00, -0.53003405E-01, -0.16693188E+00, -0.24249838E+00
     5959.,  0.10000000E-01, -0.17320508E-01,  0.11384399E+00, -0.53714618E-01, -0.16815355E+00, -0.19080195E+00
     5960.,  0.14661037E-01, -0.13603455E-01,  0.11384399E+00, -0.53614063E-01, -0.16956358E+00, -0.12215192E+00
     5961.,  0.18019377E-01, -0.86776748E-02,  0.11384399E+00, -0.52736683E-01, -0.17067196E+00, -0.42648172E-01
     5962.,  0.19776617E-01, -0.29808453E-02,  0.11384399E+00, -0.51387385E-01, -0.17109351E+00,  0.40645056E-01
     5963.,  0.19776617E-01,  0.29808453E-02,  0.11384399E+00, -0.50035078E-01, -0.17068172E+00,  0.12032681E+00
     5964.,  0.18019377E-01,  0.86776748E-02,  0.11384399E+00, -0.49149715E-01, -0.16957971E+00,  0.18931699E+00
     5965.,  0.14661037E-01,  0.13603455E-01,  0.11384399E+00, -0.49038974E-01, -0.16817045E+00,  0.24148551E+00
     5966.,  0.10000000E-01,  0.17320508E-01,  0.11384399E+00, -0.49741340E-01, -0.16694368E+00,  0.27219700E+00
     5967.,  0.44504187E-02,  0.19498558E-01,  0.11384399E+00, -0.51012723E-01, -0.16632573E+00,  0.27872259E+00
     5968., -0.14946019E-02,  0.19944076E-01,  0.11384399E+00, -0.52411285E-01, -0.16653135E+00,  0.26048245E+00
     5969., -0.73068205E-02,  0.18617475E-01,  0.11384399E+00, -0.53450997E-01, -0.16748908E+00,  0.21909730E+00
     5970., -0.12469796E-01,  0.15636630E-01,  0.11384399E+00, -0.53770537E-01, -0.16886609E+00,  0.15824439E+00
     5971., -0.16524775E-01,  0.11266401E-01,  0.11384399E+00, -0.53258855E-01, -0.17018382E+00,  0.83330780E-01
     5972., -0.19111456E-01,  0.58951035E-02,  0.11384399E+00, -0.52093779E-01, -0.17098434E+00,  0.10128712E-02
     5973., -0.19111456E-01, -0.58951035E-02,  0.10615818E+00, -0.15756742E-01, -0.54729013E-01, -0.15920441E+00
     5974., -0.16524775E-01, -0.11266401E-01,  0.10615818E+00, -0.15550712E-01, -0.54209534E-01, -0.22149851E+00
     5975., -0.12469796E-01, -0.15636630E-01,  0.10615818E+00, -0.15673116E-01, -0.53664256E-01, -0.26411149E+00
     5976., -0.73068205E-02, -0.18617475E-01,  0.10615818E+00, -0.16081423E-01, -0.53282680E-01, -0.28325702E+00
     5977., -0.14946019E-02, -0.19944076E-01,  0.10615818E+00, -0.16633735E-01, -0.53197415E-01, -0.27723393E+00
     5978.,  0.44504187E-02, -0.19498558E-01,  0.10615818E+00, -0.17138113E-01, -0.53438094E-01, -0.24657737E+00
     5979.,  0.10000000E-01, -0.17320508E-01,  0.10615818E+00, -0.17419273E-01, -0.53921081E-01, -0.19401133E+00
     5980.,  0.14661037E-01, -0.13603455E-01,  0.10615818E+00, -0.17379506E-01, -0.54478530E-01, -0.12420654E+00
     5981.,  0.18019377E-01, -0.86776748E-02,  0.10615818E+00, -0.17032628E-01, -0.54916717E-01, -0.43365456E-01
     5982.,  0.19776617E-01, -0.29808453E-02,  0.10615818E+00, -0.16499187E-01, -0.55083364E-01,  0.41328839E-01
     5983.,  0.19776617E-01,  0.29808453E-02,  0.10615818E+00, -0.15964561E-01, -0.54920561E-01,  0.12235090E+00
     5984.,  0.18019377E-01,  0.86776748E-02,  0.10615818E+00, -0.15614540E-01, -0.54484884E-01,  0.19250154E+00
     5985.,  0.14661037E-01,  0.13603455E-01,  0.10615818E+00, -0.15570761E-01, -0.53927741E-01,  0.24554756E+00
     5986.,  0.10000000E-01,  0.17320508E-01,  0.10615818E+00, -0.15848438E-01, -0.53442745E-01,  0.27677561E+00
     5987.,  0.44504187E-02,  0.19498558E-01,  0.10615818E+00, -0.16351067E-01, -0.53198446E-01,  0.28341094E+00
     5988., -0.14946019E-02,  0.19944076E-01,  0.10615818E+00, -0.16903973E-01, -0.53279737E-01,  0.26486396E+00
     5989., -0.73068205E-02,  0.18617475E-01,  0.10615818E+00, -0.17315010E-01, -0.53658362E-01,  0.22278265E+00
     5990., -0.12469796E-01,  0.15636630E-01,  0.10615818E+00, -0.17441334E-01, -0.54202742E-01,  0.16090612E+00
     5991., -0.16524775E-01,  0.11266401E-01,  0.10615818E+00, -0.17239044E-01, -0.54723686E-01,  0.84732384E-01
     5992., -0.19111456E-01,  0.58951035E-02,  0.10615818E+00, -0.16778444E-01, -0.55040153E-01,  0.10298098E-02
     5993., -0.19111456E-01, -0.58951035E-02,  0.98755010E-01,  0.17059609E-01,  0.57528775E-01, -0.15957157E+00
     5994., -0.16524775E-01, -0.11266401E-01,  0.98755010E-01,  0.16959729E-01,  0.57277036E-01, -0.22200929E+00
     5995., -0.12469796E-01, -0.15636630E-01,  0.98755010E-01,  0.17019012E-01,  0.57012777E-01, -0.26472051E+00
     5996., -0.73068205E-02, -0.18617475E-01,  0.98755010E-01,  0.17216851E-01,  0.56827832E-01, -0.28391017E+00
     5997., -0.14946019E-02, -0.19944076E-01,  0.98755010E-01,  0.17484493E-01,  0.56786470E-01, -0.27787316E+00
     5998.,  0.44504187E-02, -0.19498558E-01,  0.98755010E-01,  0.17728924E-01,  0.56903063E-01, -0.24714590E+00
     5999.,  0.10000000E-01, -0.17320508E-01,  0.98755010E-01,  0.17865200E-01,  0.57137087E-01, -0.19445863E+00
     6000.,  0.14661037E-01, -0.13603455E-01,  0.98755010E-01,  0.17845963E-01,  0.57407212E-01, -0.12449286E+00
     6001.,  0.18019377E-01, -0.86776748E-02,  0.98755010E-01,  0.17677899E-01,  0.57619559E-01, -0.43465370E-01
     6002.,  0.19776617E-01, -0.29808453E-02,  0.98755010E-01,  0.17419418E-01,  0.57700331E-01,  0.41424215E-01
     6003.,  0.19776617E-01,  0.29808453E-02,  0.98755010E-01,  0.17160350E-01,  0.57621457E-01,  0.12263310E+00
     6004.,  0.18019377E-01,  0.86776748E-02,  0.98755010E-01,  0.16990732E-01,  0.57410347E-01,  0.19294547E+00
     6005.,  0.14661037E-01,  0.13603455E-01,  0.98755010E-01,  0.16969513E-01,  0.57140366E-01,  0.24611379E+00
     6006.,  0.10000000E-01,  0.17320508E-01,  0.98755010E-01,  0.17104068E-01,  0.56905344E-01,  0.27741382E+00
     6007.,  0.44504187E-02,  0.19498558E-01,  0.98755010E-01,  0.17347641E-01,  0.56786958E-01,  0.28406443E+00
     6008., -0.14946019E-02,  0.19944076E-01,  0.98755010E-01,  0.17615584E-01,  0.56826353E-01,  0.26547466E+00
     6009., -0.73068205E-02,  0.18617475E-01,  0.98755010E-01,  0.17814783E-01,  0.57009840E-01,  0.22329630E+00
     6010., -0.12469796E-01,  0.15636630E-01,  0.98755010E-01,  0.17876008E-01,  0.57273659E-01,  0.16127707E+00
     6011., -0.16524775E-01,  0.11266401E-01,  0.98755010E-01,  0.17777983E-01,  0.57526129E-01,  0.84927681E-01
     6012., -0.19111456E-01,  0.58951035E-02,  0.98755010E-01,  0.17554771E-01,  0.57679515E-01,  0.10321024E-02
     6013., -0.19111456E-01, -0.58951035E-02,  0.91624083E-01,  0.48537254E-01,  0.16519966E+00, -0.15791076E+00
     6014., -0.16524775E-01, -0.11266401E-01,  0.91624083E-01,  0.48144447E-01,  0.16420944E+00, -0.21969860E+00
     6015., -0.12469796E-01, -0.15636630E-01,  0.91624083E-01,  0.48377706E-01,  0.16317000E+00, -0.26196526E+00
     6016., -0.73068205E-02, -0.18617475E-01,  0.91624083E-01,  0.49155970E-01,  0.16244257E+00, -0.28095517E+00
     6017., -0.14946019E-02, -0.19944076E-01,  0.91624083E-01,  0.50208769E-01,  0.16227996E+00, -0.27498098E+00
     6018.,  0.44504187E-02, -0.19498558E-01,  0.91624083E-01,  0.51170232E-01,  0.16273866E+00, -0.24457351E+00
     6019.,  0.10000000E-01, -0.17320508E-01,  0.91624083E-01,  0.51706230E-01,  0.16365927E+00, -0.19243461E+00
     6020.,  0.14661037E-01, -0.13603455E-01,  0.91624083E-01,  0.51630493E-01,  0.16472184E+00, -0.12319706E+00
     6021.,  0.18019377E-01, -0.86776748E-02,  0.91624083E-01,  0.50969343E-01,  0.16555712E+00, -0.43012911E-01
     6022.,  0.19776617E-01, -0.29808453E-02,  0.91624083E-01,  0.49952548E-01,  0.16587481E+00,  0.40993124E-01
     6023.,  0.19776617E-01,  0.29808453E-02,  0.91624083E-01,  0.48933468E-01,  0.16556452E+00,  0.12135676E+00
     6024.,  0.18019377E-01,  0.86776748E-02,  0.91624083E-01,  0.48266265E-01,  0.16473407E+00,  0.19093730E+00
     6025.,  0.14661037E-01,  0.13603455E-01,  0.91624083E-01,  0.48182805E-01,  0.16367207E+00,  0.24355221E+00
     6026.,  0.10000000E-01,  0.17320508E-01,  0.91624083E-01,  0.48712098E-01,  0.16274758E+00,  0.27452645E+00
     6027.,  0.44504187E-02,  0.19498558E-01,  0.91624083E-01,  0.49670206E-01,  0.16228190E+00,  0.28110782E+00
     6028., -0.14946019E-02,  0.19944076E-01,  0.91624083E-01,  0.50724162E-01,  0.16243686E+00,  0.26271151E+00
     6029., -0.73068205E-02,  0.18617475E-01,  0.91624083E-01,  0.51507698E-01,  0.16315860E+00,  0.22097214E+00
     6030., -0.12469796E-01,  0.15636630E-01,  0.91624083E-01,  0.51748514E-01,  0.16419632E+00,  0.15959841E+00
     6031., -0.16524775E-01,  0.11266401E-01,  0.91624083E-01,  0.51362919E-01,  0.16518939E+00,  0.84043676E-01
     6032., -0.19111456E-01,  0.58951035E-02,  0.91624083E-01,  0.50484914E-01,  0.16579268E+00,  0.10212989E-02
     6033., -0.19111456E-01, -0.58951035E-02,  0.84755390E-01,  0.78366407E-01,  0.26722436E+00, -0.15446466E+00
     6034., -0.16524775E-01, -0.11266401E-01,  0.84755390E-01,  0.77696516E-01,  0.26553558E+00, -0.21490408E+00
     6035., -0.12469796E-01, -0.15636630E-01,  0.84755390E-01,  0.78094343E-01,  0.26376289E+00, -0.25624832E+00
     6036., -0.73068205E-02, -0.18617475E-01,  0.84755390E-01,  0.79421639E-01,  0.26252232E+00, -0.27482379E+00
     6037., -0.14946019E-02, -0.19944076E-01,  0.84755390E-01,  0.81217128E-01,  0.26224502E+00, -0.26897996E+00
     6038.,  0.44504187E-02, -0.19498558E-01,  0.84755390E-01,  0.82856838E-01,  0.26302733E+00, -0.23923608E+00
     6039.,  0.10000000E-01, -0.17320508E-01,  0.84755390E-01,  0.83770938E-01,  0.26459738E+00, -0.18823502E+00
     6040.,  0.14661037E-01, -0.13603455E-01,  0.84755390E-01,  0.83641756E-01,  0.26640955E+00, -0.12050845E+00
     6041.,  0.18019377E-01, -0.86776748E-02,  0.84755390E-01,  0.82514189E-01,  0.26783406E+00, -0.42074184E-01
     6042.,  0.19776617E-01, -0.29808453E-02,  0.84755390E-01,  0.80780095E-01,  0.26837586E+00,  0.40098560E-01
     6043.,  0.19776617E-01,  0.29808453E-02,  0.84755390E-01,  0.79042112E-01,  0.26784666E+00,  0.11870839E+00
     6044.,  0.18019377E-01,  0.86776748E-02,  0.84755390E-01,  0.77904237E-01,  0.26643037E+00,  0.18677044E+00
     6045.,  0.14661037E-01,  0.13603455E-01,  0.84755390E-01,  0.77761903E-01,  0.26461918E+00,  0.23823711E+00
     6046.,  0.10000000E-01,  0.17320508E-01,  0.84755390E-01,  0.78664583E-01,  0.26304253E+00,  0.26853538E+00
     6047.,  0.44504187E-02,  0.19498558E-01,  0.84755390E-01,  0.80298578E-01,  0.26224834E+00,  0.27497310E+00
     6048., -0.14946019E-02,  0.19944076E-01,  0.84755390E-01,  0.82096034E-01,  0.26251261E+00,  0.25697826E+00
     6049., -0.73068205E-02,  0.18617475E-01,  0.84755390E-01,  0.83432300E-01,  0.26374350E+00,  0.21614977E+00
     6050., -0.12469796E-01,  0.15636630E-01,  0.84755390E-01,  0.83842991E-01,  0.26551326E+00,  0.15611540E+00
     6051., -0.16524775E-01,  0.11266401E-01,  0.84755390E-01,  0.83185381E-01,  0.26720686E+00,  0.82209521E-01
     6052., -0.19111456E-01,  0.58951035E-02,  0.84755390E-01,  0.81687999E-01,  0.26823574E+00,  0.99896588E-03
     6053., -0.19111456E-01, -0.58951035E-02,  0.78139288E-01,  0.10631971E+00,  0.36282568E+00, -0.14947274E+00
     6054., -0.16524775E-01, -0.11266401E-01,  0.78139288E-01,  0.10539067E+00,  0.36048355E+00, -0.20795888E+00
     6055., -0.12469796E-01, -0.15636630E-01,  0.78139288E-01,  0.10594242E+00,  0.35802505E+00, -0.24796697E+00
     6056., -0.73068205E-02, -0.18617475E-01,  0.78139288E-01,  0.10778322E+00,  0.35630455E+00, -0.26594211E+00
     6057., -0.14946019E-02, -0.19944076E-01,  0.78139288E-01,  0.11027335E+00,  0.35591997E+00, -0.26028713E+00
     6058.,  0.44504187E-02, -0.19498558E-01,  0.78139288E-01,  0.11254742E+00,  0.35700495E+00, -0.23150450E+00
     6059.,  0.10000000E-01, -0.17320508E-01,  0.78139288E-01,  0.11381516E+00,  0.35918243E+00, -0.18215166E+00
     6060.,  0.14661037E-01, -0.13603455E-01,  0.78139288E-01,  0.11363599E+00,  0.36169570E+00, -0.11661386E+00
     6061.,  0.18019377E-01, -0.86776748E-02,  0.78139288E-01,  0.11207218E+00,  0.36367131E+00, -0.40714409E-01
     6062.,  0.19776617E-01, -0.29808453E-02,  0.78139288E-01,  0.10966719E+00,  0.36442271E+00,  0.38802696E-01
     6063.,  0.19776617E-01,  0.29808453E-02,  0.78139288E-01,  0.10725682E+00,  0.36368877E+00,  0.11487203E+00
     6064.,  0.18019377E-01,  0.86776748E-02,  0.78139288E-01,  0.10567873E+00,  0.36172455E+00,  0.18073447E+00
     6065.,  0.14661037E-01,  0.13603455E-01,  0.78139288E-01,  0.10548133E+00,  0.35921265E+00,  0.23053784E+00
     6066.,  0.10000000E-01,  0.17320508E-01,  0.78139288E-01,  0.10673324E+00,  0.35702603E+00,  0.25985693E+00
     6067.,  0.44504187E-02,  0.19498558E-01,  0.78139288E-01,  0.10899940E+00,  0.35592458E+00,  0.26608659E+00
     6068., -0.14946019E-02,  0.19944076E-01,  0.78139288E-01,  0.11149225E+00,  0.35629109E+00,  0.24867329E+00
     6069., -0.73068205E-02,  0.18617475E-01,  0.78139288E-01,  0.11334548E+00,  0.35799818E+00,  0.20916427E+00
     6070., -0.12469796E-01,  0.15636630E-01,  0.78139288E-01,  0.11391506E+00,  0.36045262E+00,  0.15107008E+00
     6071., -0.16524775E-01,  0.11266401E-01,  0.78139288E-01,  0.11300303E+00,  0.36280144E+00,  0.79552663E-01
     6072., -0.19111456E-01,  0.58951035E-02,  0.78139288E-01,  0.11092634E+00,  0.36422835E+00,  0.96664891E-03
     6073., -0.19111456E-01, -0.58951035E-02,  0.71766487E-01,  0.13224178E+00,  0.45147268E+00, -0.14316580E+00
     6074., -0.16524775E-01, -0.11266401E-01,  0.71766487E-01,  0.13107291E+00,  0.44852594E+00, -0.19918413E+00
     6075., -0.12469796E-01, -0.15636630E-01,  0.71766487E-01,  0.13176709E+00,  0.44543279E+00, -0.23750408E+00
     6076., -0.73068205E-02, -0.18617475E-01,  0.71766487E-01,  0.13408309E+00,  0.44326815E+00, -0.25472076E+00
     6077., -0.14946019E-02, -0.19944076E-01,  0.71766487E-01,  0.13721604E+00,  0.44278431E+00, -0.24930439E+00
     6078.,  0.44504187E-02, -0.19498558E-01,  0.71766487E-01,  0.14007715E+00,  0.44414938E+00, -0.22173622E+00
     6079.,  0.10000000E-01, -0.17320508E-01,  0.71766487E-01,  0.14167214E+00,  0.44688897E+00, -0.17446581E+00
     6080.,  0.14661037E-01, -0.13603455E-01,  0.71766487E-01,  0.14144672E+00,  0.45005102E+00, -0.11169335E+00
     6081.,  0.18019377E-01, -0.86776748E-02,  0.71766487E-01,  0.13947921E+00,  0.45253664E+00, -0.38996453E-01
     6082.,  0.19776617E-01, -0.29808453E-02,  0.71766487E-01,  0.13645338E+00,  0.45348201E+00,  0.37165451E-01
     6083.,  0.19776617E-01,  0.29808453E-02,  0.71766487E-01,  0.13342078E+00,  0.45255860E+00,  0.11002506E+00
     6084.,  0.18019377E-01,  0.86776748E-02,  0.71766487E-01,  0.13143531E+00,  0.45008731E+00,  0.17310844E+00
     6085.,  0.14661037E-01,  0.13603455E-01,  0.71766487E-01,  0.13118696E+00,  0.44692698E+00,  0.22081038E+00
     6086.,  0.10000000E-01,  0.17320508E-01,  0.71766487E-01,  0.13276205E+00,  0.44417589E+00,  0.24889235E+00
     6087.,  0.44504187E-02,  0.19498558E-01,  0.71766487E-01,  0.13561320E+00,  0.44279011E+00,  0.25485914E+00
     6088., -0.14946019E-02,  0.19944076E-01,  0.71766487E-01,  0.13874957E+00,  0.44325123E+00,  0.23818058E+00
     6089., -0.73068205E-02,  0.18617475E-01,  0.71766487E-01,  0.14108120E+00,  0.44539900E+00,  0.20033863E+00
     6090., -0.12469796E-01,  0.15636630E-01,  0.71766487E-01,  0.14179781E+00,  0.44848704E+00,  0.14469570E+00
     6091., -0.16524775E-01,  0.11266401E-01,  0.71766487E-01,  0.14065035E+00,  0.45144219E+00,  0.76195939E-01
     6092., -0.19111456E-01,  0.58951035E-02,  0.71766487E-01,  0.13803758E+00,  0.45323745E+00,  0.92583665E-03
     6093., -0.19111456E-01, -0.58951035E-02,  0.65628041E-01,  0.15603883E+00,  0.53284531E+00, -0.13576202E+00
     6094., -0.16524775E-01, -0.11266401E-01,  0.65628041E-01,  0.15465030E+00,  0.52934479E+00, -0.18888338E+00
     6095., -0.12469796E-01, -0.15636630E-01,  0.65628041E-01,  0.15547494E+00,  0.52567034E+00, -0.22522162E+00
     6096., -0.73068205E-02, -0.18617475E-01,  0.65628041E-01,  0.15822620E+00,  0.52309891E+00, -0.24154794E+00
     6097., -0.14946019E-02, -0.19944076E-01,  0.65628041E-01,  0.16194792E+00,  0.52252414E+00, -0.23641167E+00
     6098.,  0.44504187E-02, -0.19498558E-01,  0.65628041E-01,  0.16534672E+00,  0.52414575E+00, -0.21026918E+00
     6099.,  0.10000000E-01, -0.17320508E-01,  0.65628041E-01,  0.16724146E+00,  0.52740020E+00, -0.16544334E+00
     6100.,  0.14661037E-01, -0.13603455E-01,  0.65628041E-01,  0.16697366E+00,  0.53115650E+00, -0.10591714E+00
     6101.,  0.18019377E-01, -0.86776748E-02,  0.65628041E-01,  0.16463640E+00,  0.53410924E+00, -0.36979747E-01
     6102.,  0.19776617E-01, -0.29808453E-02,  0.65628041E-01,  0.16104192E+00,  0.53523227E+00,  0.35243462E-01
     6103.,  0.19776617E-01,  0.29808453E-02,  0.65628041E-01,  0.15743940E+00,  0.53413532E+00,  0.10433515E+00
     6104.,  0.18019377E-01,  0.86776748E-02,  0.65628041E-01,  0.15508080E+00,  0.53119961E+00,  0.16415619E+00
     6105.,  0.14661037E-01,  0.13603455E-01,  0.65628041E-01,  0.15478578E+00,  0.52744535E+00,  0.20939123E+00
     6106.,  0.10000000E-01,  0.17320508E-01,  0.65628041E-01,  0.15665687E+00,  0.52417724E+00,  0.23602094E+00
     6107.,  0.44504187E-02,  0.19498558E-01,  0.65628041E-01,  0.16004384E+00,  0.52253103E+00,  0.24167916E+00
     6108., -0.14946019E-02,  0.19944076E-01,  0.65628041E-01,  0.16376963E+00,  0.52307881E+00,  0.22586313E+00
     6109., -0.73068205E-02,  0.18617475E-01,  0.65628041E-01,  0.16653945E+00,  0.52563022E+00,  0.18997816E+00
     6110., -0.12469796E-01,  0.15636630E-01,  0.65628041E-01,  0.16739073E+00,  0.52929859E+00,  0.13721279E+00
     6111., -0.16524775E-01,  0.11266401E-01,  0.65628041E-01,  0.16602762E+00,  0.53280909E+00,  0.72255472E-01
     6112., -0.19111456E-01,  0.58951035E-02,  0.65628041E-01,  0.16292383E+00,  0.53494174E+00,  0.87794525E-03
     6113., -0.19111456E-01, -0.58951035E-02,  0.59715332E-01,  0.17766894E+00,  0.60680088E+00, -0.12746429E+00
     6114., -0.16524775E-01, -0.11266401E-01,  0.59715332E-01,  0.17608125E+00,  0.60279827E+00, -0.17733888E+00
     6115., -0.12469796E-01, -0.15636630E-01,  0.59715332E-01,  0.17702419E+00,  0.59859678E+00, -0.21145614E+00
     6116., -0.73068205E-02, -0.18617475E-01,  0.59715332E-01,  0.18017006E+00,  0.59565653E+00, -0.22678460E+00
     6117., -0.14946019E-02, -0.19944076E-01,  0.59715332E-01,  0.18442560E+00,  0.59499932E+00, -0.22196225E+00
     6118.,  0.44504187E-02, -0.19498558E-01,  0.59715332E-01,  0.18831191E+00,  0.59685353E+00, -0.19741758E+00
     6119.,  0.10000000E-01, -0.17320508E-01,  0.59715332E-01,  0.19047841E+00,  0.60057478E+00, -0.15533148E+00
     6120.,  0.14661037E-01, -0.13603455E-01,  0.59715332E-01,  0.19017220E+00,  0.60486986E+00, -0.99443507E-01
     6121.,  0.18019377E-01, -0.86776748E-02,  0.59715332E-01,  0.18749969E+00,  0.60824612E+00, -0.34719548E-01
     6122.,  0.19776617E-01, -0.29808453E-02,  0.59715332E-01,  0.18338965E+00,  0.60953023E+00,  0.33089398E-01
     6123.,  0.19776617E-01,  0.29808453E-02,  0.59715332E-01,  0.17927040E+00,  0.60827594E+00,  0.97958220E-01
     6124.,  0.18019377E-01,  0.86776748E-02,  0.59715332E-01,  0.17657349E+00,  0.60491914E+00,  0.15412301E+00
     6125.,  0.14661037E-01,  0.13603455E-01,  0.59715332E-01,  0.17623616E+00,  0.60062640E+00,  0.19659329E+00
     6126.,  0.10000000E-01,  0.17320508E-01,  0.59715332E-01,  0.17837563E+00,  0.59688953E+00,  0.22159541E+00
     6127.,  0.44504187E-02,  0.19498558E-01,  0.59715332E-01,  0.18224840E+00,  0.59500720E+00,  0.22690780E+00
     6128., -0.14946019E-02,  0.19944076E-01,  0.59715332E-01,  0.18650859E+00,  0.59563355E+00,  0.21205843E+00
     6129., -0.73068205E-02,  0.18617475E-01,  0.59715332E-01,  0.18967570E+00,  0.59855091E+00,  0.17836674E+00
     6130., -0.12469796E-01,  0.15636630E-01,  0.59715332E-01,  0.19064908E+00,  0.60274546E+00,  0.12882638E+00
     6131., -0.16524775E-01,  0.11266401E-01,  0.59715332E-01,  0.18909045E+00,  0.60675948E+00,  0.67839234E-01
     6132., -0.19111456E-01,  0.58951035E-02,  0.59715332E-01,  0.18554148E+00,  0.60919801E+00,  0.82428172E-03
     6133., -0.19111456E-01, -0.58951035E-02,  0.54020058E-01,  0.19713296E+00,  0.67334297E+00, -0.11845857E+00
     6134., -0.16524775E-01, -0.11266401E-01,  0.54020058E-01,  0.19536656E+00,  0.66888982E+00, -0.16480938E+00
     6135., -0.12469796E-01, -0.15636630E-01,  0.54020058E-01,  0.19641564E+00,  0.66421541E+00, -0.19651616E+00
     6136., -0.73068205E-02, -0.18617475E-01,  0.54020058E-01,  0.19991562E+00,  0.66094420E+00, -0.21076162E+00
     6137., -0.14946019E-02, -0.19944076E-01,  0.54020058E-01,  0.20465017E+00,  0.66021302E+00, -0.20627998E+00
     6138.,  0.44504187E-02, -0.19498558E-01,  0.54020058E-01,  0.20897392E+00,  0.66227594E+00, -0.18346946E+00
     6139.,  0.10000000E-01, -0.17320508E-01,  0.54020058E-01,  0.21138428E+00,  0.66641606E+00, -0.14435687E+00
     6140.,  0.14661037E-01, -0.13603455E-01,  0.54020058E-01,  0.21104360E+00,  0.67119460E+00, -0.92417535E-01
     6141.,  0.18019377E-01, -0.86776748E-02,  0.54020058E-01,  0.20807027E+00,  0.67495089E+00, -0.32266509E-01
     6142.,  0.19776617E-01, -0.29808453E-02,  0.54020058E-01,  0.20349759E+00,  0.67637954E+00,  0.30751540E-01
     6143.,  0.19776617E-01,  0.29808453E-02,  0.54020058E-01,  0.19891468E+00,  0.67498407E+00,  0.91037195E-01
     6144.,  0.18019377E-01,  0.86776748E-02,  0.54020058E-01,  0.19591420E+00,  0.67124942E+00,  0.14323378E+00
     6145.,  0.14661037E-01,  0.13603455E-01,  0.54020058E-01,  0.19553890E+00,  0.66647348E+00,  0.18270342E+00
     6146.,  0.10000000E-01,  0.17320508E-01,  0.54020058E-01,  0.19791919E+00,  0.66231599E+00,  0.20593906E+00
     6147.,  0.44504187E-02,  0.19498558E-01,  0.54020058E-01,  0.20222789E+00,  0.66022178E+00,  0.21087611E+00
     6148., -0.14946019E-02,  0.19944076E-01,  0.54020058E-01,  0.20696761E+00,  0.66091864E+00,  0.19707589E+00
     6149., -0.73068205E-02,  0.18617475E-01,  0.54020058E-01,  0.21049121E+00,  0.66416438E+00,  0.16576462E+00
     6150., -0.12469796E-01,  0.15636630E-01,  0.54020058E-01,  0.21157415E+00,  0.66883106E+00,  0.11972442E+00
     6151., -0.16524775E-01,  0.11266401E-01,  0.54020058E-01,  0.20984008E+00,  0.67329691E+00,  0.63046194E-01
     6152., -0.19111456E-01,  0.58951035E-02,  0.54020058E-01,  0.20589163E+00,  0.67600992E+00,  0.76604135E-03
     6153., -0.19111456E-01, -0.58951035E-02,  0.48534222E-01,  0.21446628E+00,  0.73259322E+00, -0.10891312E+00
     6154., -0.16524775E-01, -0.11266401E-01,  0.48534222E-01,  0.21254125E+00,  0.72774016E+00, -0.15152896E+00
     6155., -0.12469796E-01, -0.15636630E-01,  0.48534222E-01,  0.21368454E+00,  0.72264596E+00, -0.18068078E+00
     6156., -0.73068205E-02, -0.18617475E-01,  0.48534222E-01,  0.21749884E+00,  0.71908098E+00, -0.19377833E+00
     6157., -0.14946019E-02, -0.19944076E-01,  0.48534222E-01,  0.22265858E+00,  0.71828414E+00, -0.18965783E+00
     6158.,  0.44504187E-02, -0.19498558E-01,  0.48534222E-01,  0.22737063E+00,  0.72053232E+00, -0.16868539E+00
     6159.,  0.10000000E-01, -0.17320508E-01,  0.48534222E-01,  0.22999746E+00,  0.72504425E+00, -0.13272451E+00
     6160.,  0.14661037E-01, -0.13603455E-01,  0.48534222E-01,  0.22962618E+00,  0.73025194E+00, -0.84970479E-01
     6161.,  0.18019377E-01, -0.86776748E-02,  0.48534222E-01,  0.22638582E+00,  0.73434557E+00, -0.29666455E-01
     6162.,  0.19776617E-01, -0.29808453E-02,  0.48534222E-01,  0.22140249E+00,  0.73590252E+00,  0.28273566E-01
     6163.,  0.19776617E-01,  0.29808453E-02,  0.48534222E-01,  0.21640801E+00,  0.73438172E+00,  0.83701371E-01
     6164.,  0.18019377E-01,  0.86776748E-02,  0.48534222E-01,  0.21313807E+00,  0.73031168E+00,  0.13169193E+00
     6165.,  0.14661037E-01,  0.13603455E-01,  0.48534222E-01,  0.21272906E+00,  0.72510683E+00,  0.16798108E+00
     6166.,  0.10000000E-01,  0.17320508E-01,  0.48534222E-01,  0.21532312E+00,  0.72057596E+00,  0.18934438E+00
     6167.,  0.44504187E-02,  0.19498558E-01,  0.48534222E-01,  0.22001876E+00,  0.71829369E+00,  0.19388360E+00
     6168., -0.14946019E-02,  0.19944076E-01,  0.48534222E-01,  0.22518414E+00,  0.71905312E+00,  0.18119541E+00
     6169., -0.73068205E-02,  0.18617475E-01,  0.48534222E-01,  0.22902417E+00,  0.72259035E+00,  0.15240722E+00
     6170., -0.12469796E-01,  0.15636630E-01,  0.48534222E-01,  0.23020437E+00,  0.72767614E+00,  0.11007696E+00
     6171., -0.16524775E-01,  0.11266401E-01,  0.48534222E-01,  0.22831457E+00,  0.73254304E+00,  0.57965896E-01
     6172., -0.19111456E-01,  0.58951035E-02,  0.48534222E-01,  0.22401153E+00,  0.73549970E+00,  0.70431094E-03
     6173., -0.19111456E-01, -0.58951035E-02,  0.43250125E-01,  0.22973148E+00,  0.78476634E+00, -0.98978273E-01
     6174., -0.16524775E-01, -0.11266401E-01,  0.43250125E-01,  0.22766728E+00,  0.77956241E+00, -0.13770677E+00
     6175., -0.12469796E-01, -0.15636630E-01,  0.43250125E-01,  0.22889323E+00,  0.77409990E+00, -0.16419943E+00
     6176., -0.73068205E-02, -0.18617475E-01,  0.43250125E-01,  0.23298331E+00,  0.77027718E+00, -0.17610224E+00
     6177., -0.14946019E-02, -0.19944076E-01,  0.43250125E-01,  0.23851609E+00,  0.76942273E+00, -0.17235760E+00
     6178.,  0.44504187E-02, -0.19498558E-01,  0.43250125E-01,  0.24356881E+00,  0.77183346E+00, -0.15329823E+00
     6179.,  0.10000000E-01, -0.17320508E-01,  0.43250125E-01,  0.24638555E+00,  0.77667159E+00, -0.12061764E+00
     6180.,  0.14661037E-01, -0.13603455E-01,  0.43250125E-01,  0.24598743E+00,  0.78225578E+00, -0.77219636E-01
     6181.,  0.18019377E-01, -0.86776748E-02,  0.43250125E-01,  0.24251280E+00,  0.78664538E+00, -0.26960340E-01
     6182.,  0.19776617E-01, -0.29808453E-02,  0.43250125E-01,  0.23716918E+00,  0.78831490E+00,  0.25694504E-01
     6183.,  0.19776617E-01,  0.29808453E-02,  0.43250125E-01,  0.23181360E+00,  0.78668414E+00,  0.76066289E-01
     6184.,  0.18019377E-01,  0.86776748E-02,  0.43250125E-01,  0.22830725E+00,  0.78231985E+00,  0.11967924E+00
     6185.,  0.14661037E-01,  0.13603455E-01,  0.43250125E-01,  0.22786866E+00,  0.77673869E+00,  0.15265817E+00
     6186.,  0.10000000E-01,  0.17320508E-01,  0.43250125E-01,  0.23065027E+00,  0.77188025E+00,  0.17207274E+00
     6187.,  0.44504187E-02,  0.19498558E-01,  0.43250125E-01,  0.23568540E+00,  0.76943297E+00,  0.17619791E+00
     6188., -0.14946019E-02,  0.19944076E-01,  0.43250125E-01,  0.24122423E+00,  0.77024731E+00,  0.16466711E+00
     6189., -0.73068205E-02,  0.18617475E-01,  0.43250125E-01,  0.24534189E+00,  0.77404028E+00,  0.13850492E+00
     6190., -0.12469796E-01,  0.15636630E-01,  0.43250125E-01,  0.24660742E+00,  0.77949375E+00,  0.10003595E+00
     6191., -0.16524775E-01,  0.11266401E-01,  0.43250125E-01,  0.24458099E+00,  0.78471252E+00,  0.52678358E-01
     6192., -0.19111456E-01,  0.58951035E-02,  0.43250125E-01,  0.23996684E+00,  0.78788294E+00,  0.64006637E-03
     6193., -0.19111456E-01, -0.58951035E-02,  0.38160345E-01,  0.24301193E+00,  0.83014805E+00, -0.88786892E-01
     6194., -0.16524775E-01, -0.11266401E-01,  0.38160345E-01,  0.24082719E+00,  0.82464024E+00, -0.12352768E+00
     6195., -0.12469796E-01, -0.15636630E-01,  0.38160345E-01,  0.24212474E+00,  0.81885875E+00, -0.14729250E+00
     6196., -0.73068205E-02, -0.18617475E-01,  0.38160345E-01,  0.24645365E+00,  0.81481280E+00, -0.15796973E+00
     6197., -0.14946019E-02, -0.19944076E-01,  0.38160345E-01,  0.25230952E+00,  0.81390845E+00, -0.15461066E+00
     6198.,  0.44504187E-02, -0.19498558E-01,  0.38160345E-01,  0.25765729E+00,  0.81645996E+00, -0.13751376E+00
     6199.,  0.10000000E-01, -0.17320508E-01,  0.38160345E-01,  0.26063852E+00,  0.82158062E+00, -0.10819815E+00
     6200.,  0.14661037E-01, -0.13603455E-01,  0.38160345E-01,  0.26021715E+00,  0.82749090E+00, -0.69268656E-01
     6201.,  0.18019377E-01, -0.86776748E-02,  0.38160345E-01,  0.25653961E+00,  0.83213683E+00, -0.24184350E-01
     6202.,  0.19776617E-01, -0.29808453E-02,  0.38160345E-01,  0.25088395E+00,  0.83390383E+00,  0.23048845E-01
     6203.,  0.19776617E-01,  0.29808453E-02,  0.38160345E-01,  0.24521563E+00,  0.83217785E+00,  0.68234060E-01
     6204.,  0.18019377E-01,  0.86776748E-02,  0.38160345E-01,  0.24150453E+00,  0.82755870E+00,  0.10735637E+00
     6205.,  0.14661037E-01,  0.13603455E-01,  0.38160345E-01,  0.24104033E+00,  0.82165164E+00,  0.13693959E+00
     6206.,  0.10000000E-01,  0.17320508E-01,  0.38160345E-01,  0.24398437E+00,  0.81650949E+00,  0.15435513E+00
     6207.,  0.44504187E-02,  0.19498558E-01,  0.38160345E-01,  0.24931353E+00,  0.81391929E+00,  0.15805555E+00
     6208., -0.14946019E-02,  0.19944076E-01,  0.38160345E-01,  0.25517579E+00,  0.81478119E+00,  0.14771203E+00
     6209., -0.73068205E-02,  0.18617475E-01,  0.38160345E-01,  0.25953391E+00,  0.81879565E+00,  0.12424365E+00
     6210., -0.12469796E-01,  0.15636630E-01,  0.38160345E-01,  0.26087333E+00,  0.82456758E+00,  0.89735670E-01
     6211., -0.16524775E-01,  0.11266401E-01,  0.38160345E-01,  0.25872857E+00,  0.83009110E+00,  0.47254292E-01
     6212., -0.19111456E-01,  0.58951035E-02,  0.38160345E-01,  0.25384498E+00,  0.83344666E+00,  0.57416354E-03
     6213., -0.19111456E-01, -0.58951035E-02,  0.33257738E-01,  0.25440618E+00,  0.86907634E+00, -0.78455055E-01
     6214., -0.16524775E-01, -0.11266401E-01,  0.33257738E-01,  0.25211857E+00,  0.86330917E+00, -0.10915317E+00
     6215., -0.12469796E-01, -0.15636630E-01,  0.33257738E-01,  0.25347721E+00,  0.85725544E+00, -0.13015256E+00
     6216., -0.73068205E-02, -0.18617475E-01,  0.33257738E-01,  0.25800997E+00,  0.85301897E+00, -0.13958732E+00
     6217., -0.14946019E-02, -0.19944076E-01,  0.33257738E-01,  0.26414158E+00,  0.85207204E+00, -0.13661913E+00
     6218.,  0.44504187E-02, -0.19498558E-01,  0.33257738E-01,  0.26974118E+00,  0.85474370E+00, -0.12151174E+00
     6219.,  0.10000000E-01, -0.17320508E-01,  0.33257738E-01,  0.27286279E+00,  0.86010548E+00, -0.95607489E-01
     6220.,  0.14661037E-01, -0.13603455E-01,  0.33257738E-01,  0.27242157E+00,  0.86629407E+00, -0.61208096E-01
     6221.,  0.18019377E-01, -0.86776748E-02,  0.33257738E-01,  0.26857087E+00,  0.87115877E+00, -0.21370101E-01
     6222.,  0.19776617E-01, -0.29808453E-02,  0.33257738E-01,  0.26264888E+00,  0.87300898E+00,  0.20366722E-01
     6223.,  0.19776617E-01,  0.29808453E-02,  0.33257738E-01,  0.25671365E+00,  0.87120173E+00,  0.60293884E-01
     6224.,  0.18019377E-01,  0.86776748E-02,  0.33257738E-01,  0.25282779E+00,  0.86636507E+00,  0.94863661E-01
     6225.,  0.14661037E-01,  0.13603455E-01,  0.33257738E-01,  0.25234174E+00,  0.86017984E+00,  0.12100438E+00
     6226.,  0.10000000E-01,  0.17320508E-01,  0.33257738E-01,  0.25542441E+00,  0.85479556E+00,  0.13639334E+00
     6227.,  0.44504187E-02,  0.19498558E-01,  0.33257738E-01,  0.26100451E+00,  0.85208339E+00,  0.13966315E+00
     6228., -0.14946019E-02,  0.19944076E-01,  0.33257738E-01,  0.26714282E+00,  0.85298588E+00,  0.13052327E+00
     6229., -0.73068205E-02,  0.18617475E-01,  0.33257738E-01,  0.27170616E+00,  0.85718937E+00,  0.10978583E+00
     6230., -0.12469796E-01,  0.15636630E-01,  0.33257738E-01,  0.27310865E+00,  0.86323309E+00,  0.79293430E-01
     6231., -0.16524775E-01,  0.11266401E-01,  0.33257738E-01,  0.27086290E+00,  0.86901671E+00,  0.41755469E-01
     6232., -0.19111456E-01,  0.58951035E-02,  0.33257738E-01,  0.26574934E+00,  0.87253027E+00,  0.50735289E-03
     6233., -0.19111456E-01, -0.58951035E-02,  0.28535421E-01,  0.26402326E+00,  0.90192539E+00, -0.68083014E-01
     6234., -0.16524775E-01, -0.11266401E-01,  0.28535421E-01,  0.26164934E+00,  0.89594061E+00, -0.94722732E-01
     6235., -0.12469796E-01, -0.15636630E-01,  0.28535421E-01,  0.26305924E+00,  0.88965847E+00, -0.11294592E+00
     6236., -0.73068205E-02, -0.18617475E-01,  0.28535421E-01,  0.26776302E+00,  0.88526215E+00, -0.12113337E+00
     6237., -0.14946019E-02, -0.19944076E-01,  0.28535421E-01,  0.27412599E+00,  0.88427950E+00, -0.11855759E+00
     6238.,  0.44504187E-02, -0.19498558E-01,  0.28535421E-01,  0.27993687E+00,  0.88705196E+00, -0.10544745E+00
     6239.,  0.10000000E-01, -0.17320508E-01,  0.28535421E-01,  0.28317626E+00,  0.89261605E+00, -0.82967838E-01
     6240.,  0.14661037E-01, -0.13603455E-01,  0.28535421E-01,  0.28271839E+00,  0.89903814E+00, -0.53116169E-01
     6241.,  0.18019377E-01, -0.86776748E-02,  0.28535421E-01,  0.27872239E+00,  0.90408639E+00, -0.18544900E-01
     6242.,  0.19776617E-01, -0.29808453E-02,  0.28535421E-01,  0.27257696E+00,  0.90600641E+00,  0.17674166E-01
     6243.,  0.19776617E-01,  0.29808453E-02,  0.28535421E-01,  0.26641779E+00,  0.90413097E+00,  0.52322815E-01
     6244.,  0.18019377E-01,  0.86776748E-02,  0.28535421E-01,  0.26238532E+00,  0.89911181E+00,  0.82322343E-01
     6245.,  0.14661037E-01,  0.13603455E-01,  0.28535421E-01,  0.26188092E+00,  0.89269321E+00,  0.10500717E+00
     6246.,  0.10000000E-01,  0.17320508E-01,  0.28535421E-01,  0.26507991E+00,  0.88710577E+00,  0.11836165E+00
     6247.,  0.44504187E-02,  0.19498558E-01,  0.28535421E-01,  0.27087055E+00,  0.88429128E+00,  0.12119918E+00
     6248., -0.14946019E-02,  0.19944076E-01,  0.28535421E-01,  0.27724047E+00,  0.88522781E+00,  0.11326763E+00
     6249., -0.73068205E-02,  0.18617475E-01,  0.28535421E-01,  0.28197598E+00,  0.88958991E+00,  0.95271752E-01
     6250., -0.12469796E-01,  0.15636630E-01,  0.28535421E-01,  0.28343139E+00,  0.89586167E+00,  0.68810556E-01
     6251., -0.16524775E-01,  0.11266401E-01,  0.28535421E-01,  0.28110090E+00,  0.90186350E+00,  0.36235248E-01
     6252., -0.19111456E-01,  0.58951035E-02,  0.28535421E-01,  0.27579441E+00,  0.90550964E+00,  0.44027991E-03
     6253., -0.19111456E-01, -0.58951035E-02,  0.23986762E-01,  0.27197880E+00,  0.92909224E+00, -0.57756407E-01
     6254., -0.16524775E-01, -0.11266401E-01,  0.23986762E-01,  0.26953394E+00,  0.92292864E+00, -0.80355502E-01
     6255., -0.12469796E-01, -0.15636630E-01,  0.23986762E-01,  0.27098597E+00,  0.91645878E+00, -0.95814658E-01
     6256., -0.73068205E-02, -0.18617475E-01,  0.23986762E-01,  0.27583030E+00,  0.91193110E+00, -0.10276026E+00
     6257., -0.14946019E-02, -0.19944076E-01,  0.23986762E-01,  0.28238340E+00,  0.91091908E+00, -0.10057517E+00
     6258.,  0.44504187E-02, -0.19498558E-01,  0.23986762E-01,  0.28836791E+00,  0.91377439E+00, -0.89453534E-01
     6259.,  0.10000000E-01, -0.17320508E-01,  0.23986762E-01,  0.29170409E+00,  0.91950474E+00, -0.70383553E-01
     6260.,  0.14661037E-01, -0.13603455E-01,  0.23986762E-01,  0.29123254E+00,  0.92611873E+00, -0.45059686E-01
     6261.,  0.18019377E-01, -0.86776748E-02,  0.23986762E-01,  0.28711714E+00,  0.93131782E+00, -0.15732072E-01
     6262.,  0.19776617E-01, -0.29808453E-02,  0.23986762E-01,  0.28078808E+00,  0.93329522E+00,  0.14993407E-01
     6263.,  0.19776617E-01,  0.29808453E-02,  0.23986762E-01,  0.27444487E+00,  0.93136373E+00,  0.44386663E-01
     6264.,  0.18019377E-01,  0.86776748E-02,  0.23986762E-01,  0.27029191E+00,  0.92619460E+00,  0.69835964E-01
     6265.,  0.14661037E-01,  0.13603455E-01,  0.23986762E-01,  0.26977244E+00,  0.91958421E+00,  0.89080030E-01
     6266.,  0.10000000E-01,  0.17320508E-01,  0.23986762E-01,  0.27306701E+00,  0.91382981E+00,  0.10040895E+00
     6267.,  0.44504187E-02,  0.19498558E-01,  0.23986762E-01,  0.27903069E+00,  0.91093122E+00,  0.10281609E+00
     6268., -0.14946019E-02,  0.19944076E-01,  0.23986762E-01,  0.28559094E+00,  0.91189574E+00,  0.96087572E-01
     6269., -0.73068205E-02,  0.18617475E-01,  0.23986762E-01,  0.29046795E+00,  0.91638818E+00,  0.80821248E-01
     6270., -0.12469796E-01,  0.15636630E-01,  0.23986762E-01,  0.29196685E+00,  0.92284734E+00,  0.58373599E-01
     6271., -0.16524775E-01,  0.11266401E-01,  0.23986762E-01,  0.28956673E+00,  0.92902851E+00,  0.30739206E-01
     6272., -0.19111456E-01,  0.58951035E-02,  0.23986762E-01,  0.28410167E+00,  0.93278359E+00,  0.37350087E-03
     6273., -0.19111456E-01, -0.58951035E-02,  0.19605378E-01,  0.27839181E+00,  0.95098582E+00, -0.47547606E-01
     6274., -0.16524775E-01, -0.11266401E-01,  0.19605378E-01,  0.27589016E+00,  0.94467906E+00, -0.66152172E-01
     6275., -0.12469796E-01, -0.15636630E-01,  0.19605378E-01,  0.27737592E+00,  0.93805893E+00, -0.78878826E-01
     6276., -0.73068205E-02, -0.18617475E-01,  0.19605378E-01,  0.28233277E+00,  0.93342610E+00, -0.84596755E-01
     6277., -0.14946019E-02, -0.19944076E-01,  0.19605378E-01,  0.28903807E+00,  0.93239057E+00, -0.82797893E-01
     6278.,  0.44504187E-02, -0.19498558E-01,  0.19605378E-01,  0.29516157E+00,  0.93531219E+00, -0.73642072E-01
     6279.,  0.10000000E-01, -0.17320508E-01,  0.19605378E-01,  0.29857524E+00,  0.94117564E+00, -0.57942827E-01
     6280.,  0.14661037E-01, -0.13603455E-01,  0.19605378E-01,  0.29809274E+00,  0.94794325E+00, -0.37095109E-01
     6281.,  0.18019377E-01, -0.86776748E-02,  0.19605378E-01,  0.29388175E+00,  0.95326309E+00, -0.12951332E-01
     6282.,  0.19776617E-01, -0.29808453E-02,  0.19605378E-01,  0.28740570E+00,  0.95528641E+00,  0.12343230E-01
     6283.,  0.19776617E-01,  0.29808453E-02,  0.19605378E-01,  0.28091515E+00,  0.95331006E+00,  0.36541048E-01
     6284.,  0.18019377E-01,  0.86776748E-02,  0.19605378E-01,  0.27666574E+00,  0.94802087E+00,  0.57492029E-01
     6285.,  0.14661037E-01,  0.13603455E-01,  0.19605378E-01,  0.27613420E+00,  0.94125695E+00,  0.73334588E-01
     6286.,  0.10000000E-01,  0.17320508E-01,  0.19605378E-01,  0.27950529E+00,  0.93536890E+00,  0.82661049E-01
     6287.,  0.44504187E-02,  0.19498558E-01,  0.19605378E-01,  0.28560748E+00,  0.93240299E+00,  0.84642714E-01
     6288., -0.14946019E-02,  0.19944076E-01,  0.19605378E-01,  0.29232010E+00,  0.93338991E+00,  0.79103502E-01
     6289., -0.73068205E-02,  0.18617475E-01,  0.19605378E-01,  0.29731039E+00,  0.93798669E+00,  0.66535594E-01
     6290., -0.12469796E-01,  0.15636630E-01,  0.19605378E-01,  0.29884410E+00,  0.94459587E+00,  0.48055705E-01
     6291., -0.16524775E-01,  0.11266401E-01,  0.19605378E-01,  0.29638823E+00,  0.95092060E+00,  0.25305861E-01
     6292., -0.19111456E-01,  0.58951035E-02,  0.19605378E-01,  0.29079625E+00,  0.95476290E+00,  0.30748180E-03
     6293., -0.19111456E-01, -0.58951035E-02,  0.15385115E-01,  0.28338221E+00,  0.96801795E+00, -0.37516730E-01
     6294., -0.16524775E-01, -0.11266401E-01,  0.15385115E-01,  0.28083670E+00,  0.96160061E+00, -0.52196384E-01
     6295., -0.12469796E-01, -0.15636630E-01,  0.15385115E-01,  0.28234851E+00,  0.95486441E+00, -0.62238160E-01
     6296., -0.73068205E-02, -0.18617475E-01,  0.15385115E-01,  0.28739227E+00,  0.95015033E+00, -0.66749808E-01
     6297., -0.14946019E-02, -0.19944076E-01,  0.15385115E-01,  0.29421514E+00,  0.94909666E+00, -0.65330444E-01
     6298.,  0.44504187E-02, -0.19498558E-01,  0.15385115E-01,  0.30044601E+00,  0.95206951E+00, -0.58106181E-01
     6299.,  0.10000000E-01, -0.17320508E-01,  0.15385115E-01,  0.30391954E+00,  0.95803576E+00, -0.45718925E-01
     6300.,  0.14661037E-01, -0.13603455E-01,  0.15385115E-01,  0.30342858E+00,  0.96492203E+00, -0.29269344E-01
     6301.,  0.18019377E-01, -0.86776748E-02,  0.15385115E-01,  0.29914375E+00,  0.97033515E+00, -0.10219057E-01
     6302.,  0.19776617E-01, -0.29808453E-02,  0.15385115E-01,  0.29255415E+00,  0.97239395E+00,  0.97392400E-02
     6303.,  0.19776617E-01,  0.29808453E-02,  0.15385115E-01,  0.28594980E+00,  0.97038295E+00,  0.28832169E-01
     6304.,  0.18019377E-01,  0.86776748E-02,  0.15385115E-01,  0.28162587E+00,  0.96500102E+00,  0.45363230E-01
     6305.,  0.14661037E-01,  0.13603455E-01,  0.15385115E-01,  0.28108502E+00,  0.95811850E+00,  0.57863564E-01
     6306.,  0.10000000E-01,  0.17320508E-01,  0.15385115E-01,  0.28451521E+00,  0.95212721E+00,  0.65222469E-01
     6307.,  0.44504187E-02,  0.19498558E-01,  0.15385115E-01,  0.29072440E+00,  0.94910929E+00,  0.66786073E-01
     6308., -0.14946019E-02,  0.19944076E-01,  0.15385115E-01,  0.29755472E+00,  0.95011351E+00,  0.62415440E-01
     6309., -0.73068205E-02,  0.18617475E-01,  0.15385115E-01,  0.30263251E+00,  0.95479089E+00,  0.52498918E-01
     6310., -0.12469796E-01,  0.15636630E-01,  0.15385115E-01,  0.30419311E+00,  0.96151596E+00,  0.37917636E-01
     6311., -0.16524775E-01,  0.11266401E-01,  0.15385115E-01,  0.30169418E+00,  0.96795159E+00,  0.19967212E-01
     6312., -0.19111456E-01,  0.58951035E-02,  0.15385115E-01,  0.29600415E+00,  0.97186126E+00,  0.24261550E-03
     6313., -0.19111456E-01, -0.58951035E-02,  0.11320049E-01,  0.28706873E+00,  0.98059617E+00, -0.27712763E-01
     6314., -0.16524775E-01, -0.11266401E-01,  0.11320049E-01,  0.28449108E+00,  0.97409780E+00, -0.38556295E-01
     6315., -0.12469796E-01, -0.15636630E-01,  0.11320049E-01,  0.28602198E+00,  0.96727654E+00, -0.45973929E-01
     6316., -0.73068205E-02, -0.18617475E-01,  0.11320049E-01,  0.29112943E+00,  0.96250294E+00, -0.49306582E-01
     6317., -0.14946019E-02, -0.19944076E-01,  0.11320049E-01,  0.29803845E+00,  0.96143596E+00, -0.48258132E-01
     6318.,  0.44504187E-02, -0.19498558E-01,  0.11320049E-01,  0.30434800E+00,  0.96444635E+00, -0.42921731E-01
     6319.,  0.10000000E-01, -0.17320508E-01,  0.11320049E-01,  0.30786539E+00,  0.97048794E+00, -0.33771545E-01
     6320.,  0.14661037E-01, -0.13603455E-01,  0.11320049E-01,  0.30736823E+00,  0.97746116E+00, -0.21620609E-01
     6321.,  0.18019377E-01, -0.86776748E-02,  0.11320049E-01,  0.30302930E+00,  0.98294264E+00, -0.75485893E-02
     6322.,  0.19776617E-01, -0.29808453E-02,  0.11320049E-01,  0.29635649E+00,  0.98502743E+00,  0.71941564E-02
     6323.,  0.19776617E-01,  0.29808453E-02,  0.11320049E-01,  0.28966874E+00,  0.98299103E+00,  0.21297674E-01
     6324.,  0.18019377E-01,  0.86776748E-02,  0.11320049E-01,  0.28529022E+00,  0.97754115E+00,  0.33508799E-01
     6325.,  0.14661037E-01,  0.13603455E-01,  0.11320049E-01,  0.28474254E+00,  0.97057173E+00,  0.42742516E-01
     6326.,  0.10000000E-01,  0.17320508E-01,  0.11320049E-01,  0.28821605E+00,  0.96450478E+00,  0.48178373E-01
     6327.,  0.44504187E-02,  0.19498558E-01,  0.11320049E-01,  0.29450364E+00,  0.96144875E+00,  0.49333373E-01
     6328., -0.14946019E-02,  0.19944076E-01,  0.11320049E-01,  0.30142020E+00,  0.96246566E+00,  0.46104885E-01
     6329., -0.73068205E-02,  0.18617475E-01,  0.11320049E-01,  0.30656211E+00,  0.96720209E+00,  0.38779772E-01
     6330., -0.12469796E-01,  0.15636630E-01,  0.11320049E-01,  0.30814242E+00,  0.97401208E+00,  0.28008907E-01
     6331., -0.16524775E-01,  0.11266401E-01,  0.11320049E-01,  0.30561193E+00,  0.98052897E+00,  0.14749332E-01
     6332., -0.19111456E-01,  0.58951035E-02,  0.11320049E-01,  0.29985005E+00,  0.98448801E+00,  0.17921462E-03
     6333., -0.19111456E-01, -0.58951035E-02,  0.74044719E-02,  0.28956711E+00,  0.98911787E+00, -0.18174129E-01
     6334., -0.16524775E-01, -0.11266401E-01,  0.74044719E-02,  0.28696785E+00,  0.98256503E+00, -0.25285356E-01
     6335., -0.12469796E-01, -0.15636630E-01,  0.74044719E-02,  0.28851158E+00,  0.97568659E+00, -0.30149866E-01
     6336., -0.73068205E-02, -0.18617475E-01,  0.74044719E-02,  0.29366184E+00,  0.97087299E+00, -0.32335432E-01
     6337., -0.14946019E-02, -0.19944076E-01,  0.74044719E-02,  0.30062877E+00,  0.96979706E+00, -0.31647856E-01
     6338.,  0.44504187E-02, -0.19498558E-01,  0.74044719E-02,  0.30699120E+00,  0.97283269E+00, -0.28148225E-01
     6339.,  0.10000000E-01, -0.17320508E-01,  0.74044719E-02,  0.31053807E+00,  0.97892492E+00, -0.22147500E-01
     6340.,  0.14661037E-01, -0.13603455E-01,  0.74044719E-02,  0.31003674E+00,  0.98595659E+00, -0.14178873E-01
     6341.,  0.18019377E-01, -0.86776748E-02,  0.74044719E-02,  0.30566145E+00,  0.99148400E+00, -0.49503924E-02
     6342.,  0.19776617E-01, -0.29808453E-02,  0.74044719E-02,  0.29893271E+00,  0.99358627E+00,  0.47179533E-02
     6343.,  0.19776617E-01,  0.29808453E-02,  0.74044719E-02,  0.29218891E+00,  0.99153280E+00,  0.13967092E-01
     6344.,  0.18019377E-01,  0.86776748E-02,  0.74044719E-02,  0.28777369E+00,  0.98603724E+00,  0.21975191E-01
     6345.,  0.14661037E-01,  0.13603455E-01,  0.74044719E-02,  0.28722142E+00,  0.97900940E+00,  0.28030695E-01
     6346.,  0.10000000E-01,  0.17320508E-01,  0.74044719E-02,  0.29072404E+00,  0.97289161E+00,  0.31595551E-01
     6347.,  0.44504187E-02,  0.19498558E-01,  0.74044719E-02,  0.29706433E+00,  0.96980997E+00,  0.32353004E-01
     6348., -0.14946019E-02,  0.19944076E-01,  0.74044719E-02,  0.30403886E+00,  0.97083539E+00,  0.30235750E-01
     6349., -0.73068205E-02,  0.18617475E-01,  0.74044719E-02,  0.30922386E+00,  0.97561153E+00,  0.25431915E-01
     6350., -0.12469796E-01,  0.15636630E-01,  0.74044719E-02,  0.31081742E+00,  0.98247859E+00,  0.18368342E-01
     6351., -0.16524775E-01,  0.11266401E-01,  0.74044719E-02,  0.30826573E+00,  0.98905011E+00,  0.96726652E-02
     6352., -0.19111456E-01,  0.58951035E-02,  0.74044719E-02,  0.30245555E+00,  0.99304233E+00,  0.11753013E-03
     6353., -0.19111456E-01, -0.58951035E-02,  0.36328875E-02,  0.29098879E+00,  0.99396569E+00, -0.89296803E-02
     6354., -0.16524775E-01, -0.11266401E-01,  0.36328875E-02,  0.28837734E+00,  0.98738210E+00, -0.12423711E-01
     6355., -0.12469796E-01, -0.15636630E-01,  0.36328875E-02,  0.28992831E+00,  0.98047138E+00, -0.14813842E-01
     6356., -0.73068205E-02, -0.18617475E-01,  0.36328875E-02,  0.29510274E+00,  0.97563519E+00, -0.15887699E-01
     6357., -0.14946019E-02, -0.19944076E-01,  0.36328875E-02,  0.30210237E+00,  0.97455422E+00, -0.15549863E-01
     6358.,  0.44504187E-02, -0.19498558E-01,  0.36328875E-02,  0.30849466E+00,  0.97760409E+00, -0.13830354E-01
     6359.,  0.10000000E-01, -0.17320508E-01,  0.36328875E-02,  0.31205817E+00,  0.98372491E+00, -0.10881961E-01
     6360.,  0.14661037E-01, -0.13603455E-01,  0.36328875E-02,  0.31155449E+00,  0.99078958E+00, -0.69666510E-02
     6361.,  0.18019377E-01, -0.86776748E-02,  0.36328875E-02,  0.30715867E+00,  0.99634293E+00, -0.24323271E-02
     6362.,  0.19776617E-01, -0.29808453E-02,  0.36328875E-02,  0.30039835E+00,  0.99845507E+00,  0.23181198E-02
     6363.,  0.19776617E-01,  0.29808453E-02,  0.36328875E-02,  0.29362290E+00,  0.99639196E+00,  0.68625942E-02
     6364.,  0.18019377E-01,  0.86776748E-02,  0.36328875E-02,  0.28918696E+00,  0.99087061E+00,  0.10797294E-01
     6365.,  0.14661037E-01,  0.13603455E-01,  0.36328875E-02,  0.28863210E+00,  0.98380979E+00,  0.13772608E-01
     6366.,  0.10000000E-01,  0.17320508E-01,  0.36328875E-02,  0.29215116E+00,  0.97766329E+00,  0.15524168E-01
     6367.,  0.44504187E-02,  0.19498558E-01,  0.36328875E-02,  0.29852120E+00,  0.97456719E+00,  0.15896331E-01
     6368., -0.14946019E-02,  0.19944076E-01,  0.36328875E-02,  0.30552847E+00,  0.97559743E+00,  0.14856039E-01
     6369., -0.73068205E-02,  0.18617475E-01,  0.36328875E-02,  0.31073780E+00,  0.98039597E+00,  0.12495723E-01
     6370., -0.12469796E-01,  0.15636630E-01,  0.36328875E-02,  0.31233884E+00,  0.98729526E+00,  0.90251064E-02
     6371., -0.16524775E-01,  0.11266401E-01,  0.36328875E-02,  0.30977516E+00,  0.99389762E+00,  0.47525689E-02
     6372., -0.19111456E-01,  0.58951035E-02,  0.36328875E-02,  0.30393773E+00,  0.99790857E+00,  0.57747739E-04
     6373., -0.19111456E-01, -0.58951035E-02,  0.60000000E+00, -0.27610955E+00, -0.94611819E+00,  0.00000000E+00
     6374., -0.20000000E-01, -0.24492936E-17,  0.60000000E+00, -0.28214213E+00, -0.95019922E+00,  0.00000000E+00
     6375., -0.20000000E-01,  0.24492936E-17,  0.59636711E+00, -0.28166684E+00, -0.94859937E+00, -0.47856238E-02
     6376., -0.20000000E-01,  0.24492936E-17,  0.59259553E+00, -0.28016944E+00, -0.94355888E+00, -0.97371126E-02
     6377., -0.20000000E-01,  0.24492936E-17,  0.58867995E+00, -0.27753847E+00, -0.93470262E+00, -0.14840757E-01
     6378., -0.20000000E-01,  0.24492936E-17,  0.58461489E+00, -0.27365765E+00, -0.92163923E+00, -0.20078767E-01
     6379., -0.20000000E-01,  0.24492936E-17,  0.58039462E+00, -0.26840693E+00, -0.90396453E+00, -0.25428669E-01
     6380., -0.20000000E-01,  0.24492936E-17,  0.57601324E+00, -0.26166378E+00, -0.88126620E+00, -0.30862692E-01
     6381., -0.20000000E-01,  0.24492936E-17,  0.57146458E+00, -0.25330510E+00, -0.85312983E+00, -0.36347129E-01
     6382., -0.20000000E-01,  0.24492936E-17,  0.56674226E+00, -0.24320945E+00, -0.81914667E+00, -0.41841704E-01
     6383., -0.20000000E-01,  0.24492936E-17,  0.56183965E+00, -0.23125990E+00, -0.77892324E+00, -0.47298953E-01
     6384., -0.20000000E-01,  0.24492936E-17,  0.55674988E+00, -0.21734756E+00, -0.73209305E+00, -0.52663608E-01
     6385., -0.20000000E-01,  0.24492936E-17,  0.55146578E+00, -0.20137578E+00, -0.67833086E+00, -0.57872065E-01
     6386., -0.20000000E-01,  0.24492936E-17,  0.54597994E+00, -0.18326515E+00, -0.61736941E+00, -0.62851959E-01
     6387., -0.20000000E-01,  0.24492936E-17,  0.54028467E+00, -0.16295933E+00, -0.54901917E+00, -0.67521856E-01
     6388., -0.20000000E-01,  0.24492936E-17,  0.53437196E+00, -0.14043180E+00, -0.47319096E+00, -0.71791182E-01
     6389., -0.20000000E-01,  0.24492936E-17,  0.52823351E+00, -0.11569350E+00, -0.38992173E+00, -0.75560425E-01
     6390., -0.20000000E-01,  0.24492936E-17,  0.52186071E+00, -0.88801365E-01, -0.29940323E+00, -0.78721695E-01
     6391., -0.20000000E-01,  0.24492936E-17,  0.51524461E+00, -0.59867655E-01, -0.20201342E+00, -0.81159748E-01
     6392., -0.20000000E-01,  0.24492936E-17,  0.50837592E+00, -0.29069932E-01, -0.98350108E-01, -0.82753579E-01
     6393., -0.20000000E-01,  0.24492936E-17,  0.50124499E+00,  0.33385499E-02,  0.10734162E-01, -0.83378710E-01
     6394., -0.20000000E-01,  0.24492936E-17,  0.49384182E+00,  0.37018440E-01,  0.12409704E+00, -0.82910278E-01
     6395., -0.20000000E-01,  0.24492936E-17,  0.48615601E+00,  0.71534366E-01,  0.24027299E+00, -0.81227074E-01
     6396., -0.20000000E-01,  0.24492936E-17,  0.47817676E+00,  0.10634622E+00,  0.35744393E+00, -0.78216625E-01
     6397., -0.20000000E-01,  0.24492936E-17,  0.46989289E+00,  0.14080250E+00,  0.47341689E+00, -0.73781410E-01
     6398., -0.20000000E-01,  0.24492936E-17,  0.46129275E+00,  0.17413690E+00,  0.58561250E+00, -0.67846319E-01
     6399., -0.20000000E-01,  0.24492936E-17,  0.45236427E+00,  0.20546944E+00,  0.69106893E+00, -0.60367272E-01
     6400., -0.20000000E-01,  0.24492936E-17,  0.44309492E+00,  0.23381392E+00,  0.78646668E+00, -0.51340936E-01
     6401., -0.20000000E-01,  0.24492936E-17,  0.43347169E+00,  0.25809315E+00,  0.86818023E+00, -0.40815314E-01
     6402., -0.20000000E-01,  0.24492936E-17,  0.42348105E+00,  0.27716430E+00,  0.93236323E+00, -0.28900855E-01
     6403., -0.20000000E-01,  0.24492936E-17,  0.41310900E+00,  0.28985613E+00,  0.97507377E+00, -0.15781422E-01
     6404., -0.20000000E-01,  0.24492936E-17,  0.40234095E+00,  0.29501990E+00,  0.99244579E+00, -0.17243239E-02
     6405., -0.20000000E-01,  0.24492936E-17,  0.39116181E+00,  0.29159537E+00,  0.98091136E+00,  0.12911700E-01
     6406., -0.20000000E-01,  0.24492936E-17,  0.37955586E+00,  0.27869254E+00,  0.93747581E+00,  0.27671976E-01
     6407., -0.20000000E-01,  0.24492936E-17,  0.36750682E+00,  0.25568852E+00,  0.86004346E+00,  0.42006662E-01
     6408., -0.20000000E-01,  0.24492936E-17,  0.35499777E+00,  0.22233684E+00,  0.74778581E+00,  0.55278690E-01
     6409., -0.20000000E-01,  0.24492936E-17,  0.34201114E+00,  0.17888457E+00,  0.60153564E+00,  0.66781061E-01
     6410., -0.20000000E-01,  0.24492936E-17,  0.32852871E+00,  0.12618922E+00,  0.42418021E+00,  0.75765635E-01
     6411., -0.20000000E-01,  0.24492936E-17,  0.31453155E+00,  0.65823575E-01,  0.22101425E+00,  0.81485038E-01
     6412., -0.20000000E-01,  0.24492936E-17,  0.30000000E+00,  0.15300747E-03,  0.27668792E-07,  0.83249060E-01
     6413., -0.20000000E-01,  0.24492936E-17,  0.28546845E+00, -0.65192391E-01, -0.21991353E+00,  0.80677616E-01
     6414., -0.20000000E-01,  0.24492936E-17,  0.27147129E+00, -0.12464968E+00, -0.42000483E+00,  0.74229617E-01
     6415., -0.20000000E-01,  0.24492936E-17,  0.25798886E+00, -0.17596994E+00, -0.59270626E+00,  0.64630297E-01
     6416., -0.20000000E-01,  0.24492936E-17,  0.24500223E+00, -0.21770694E+00, -0.73315201E+00,  0.52648632E-01
     6417., -0.20000000E-01,  0.24492936E-17,  0.23249318E+00, -0.24912854E+00, -0.83887967E+00,  0.39042243E-01
     6418., -0.20000000E-01,  0.24492936E-17,  0.22044414E+00, -0.27010349E+00, -0.90944899E+00,  0.24517384E-01
     6419., -0.20000000E-01,  0.24492936E-17,  0.20883819E+00, -0.28097908E+00, -0.94603020E+00,  0.97024595E-02
     6420., -0.20000000E-01,  0.24492936E-17,  0.19765905E+00, -0.28246112E+00, -0.95099989E+00, -0.48670973E-02
     6421., -0.20000000E-01,  0.24492936E-17,  0.18689100E+00, -0.27550348E+00, -0.92756936E+00, -0.18754732E-01
     6422., -0.20000000E-01,  0.24492936E-17,  0.17651895E+00, -0.26121188E+00, -0.87946065E+00, -0.31621629E-01
     6423., -0.20000000E-01,  0.24492936E-17,  0.16652831E+00, -0.24076366E+00, -0.81063674E+00, -0.43220842E-01
     6424., -0.20000000E-01,  0.24492936E-17,  0.15690508E+00, -0.21534397E+00, -0.72508659E+00, -0.53388162E-01
     6425., -0.20000000E-01,  0.24492936E-17,  0.14763573E+00, -0.18609729E+00, -0.62666217E+00, -0.62031268E-01
     6426., -0.20000000E-01,  0.24492936E-17,  0.13870725E+00, -0.15409279E+00, -0.51896179E+00, -0.69118225E-01
     6427., -0.20000000E-01,  0.24492936E-17,  0.13010711E+00, -0.12030148E+00, -0.40525315E+00, -0.74666135E-01
     6428., -0.20000000E-01,  0.24492936E-17,  0.12182324E+00, -0.85582993E-01, -0.28842912E+00, -0.78730399E-01
     6429., -0.20000000E-01,  0.24492936E-17,  0.11384399E+00, -0.50680200E-01, -0.17098944E+00, -0.81395051E-01
     6430., -0.20000000E-01,  0.24492936E-17,  0.10615818E+00, -0.16219605E-01, -0.55042161E-01, -0.82764282E-01
     6431., -0.20000000E-01,  0.24492936E-17,  0.98755010E-01,  0.17283941E-01,  0.57680511E-01, -0.82955198E-01
     6432., -0.20000000E-01,  0.24492936E-17,  0.91624083E-01,  0.49419622E-01,  0.16579656E+00, -0.82091839E-01
     6433., -0.20000000E-01,  0.24492936E-17,  0.84755390E-01,  0.79871218E-01,  0.26824233E+00, -0.80300366E-01
     6434., -0.20000000E-01,  0.24492936E-17,  0.78139288E-01,  0.10840669E+00,  0.36423749E+00, -0.77705271E-01
     6435., -0.20000000E-01,  0.24492936E-17,  0.71766487E-01,  0.13486750E+00,  0.45324894E+00, -0.74426543E-01
     6436., -0.20000000E-01,  0.24492936E-17,  0.65628041E-01,  0.15915800E+00,  0.53495539E+00, -0.70577603E-01
     6437., -0.20000000E-01,  0.24492936E-17,  0.59715332E-01,  0.18123550E+00,  0.60921362E+00, -0.66263924E-01
     6438., -0.20000000E-01,  0.24492936E-17,  0.54020058E-01,  0.20110097E+00,  0.67602729E+00, -0.61582189E-01
     6439., -0.20000000E-01,  0.24492936E-17,  0.48534222E-01,  0.21879063E+00,  0.73551862E+00, -0.56619866E-01
     6440., -0.20000000E-01,  0.24492936E-17,  0.43250125E-01,  0.23436849E+00,  0.78790323E+00, -0.51455109E-01
     6441., -0.20000000E-01,  0.24492936E-17,  0.38160345E-01,  0.24791971E+00,  0.83346813E+00, -0.46156990E-01
     6442., -0.20000000E-01,  0.24492936E-17,  0.33257738E-01,  0.25954506E+00,  0.87255275E+00, -0.40785852E-01
     6443., -0.20000000E-01,  0.24492936E-17,  0.28535421E-01,  0.26935604E+00,  0.90553297E+00, -0.35393815E-01
     6444., -0.20000000E-01,  0.24492936E-17,  0.23986762E-01,  0.27747092E+00,  0.93280762E+00, -0.30025396E-01
     6445., -0.20000000E-01,  0.24492936E-17,  0.19605378E-01,  0.28401149E+00,  0.95478749E+00, -0.24718223E-01
     6446., -0.20000000E-01,  0.24492936E-17,  0.15385115E-01,  0.28910042E+00,  0.97188628E+00, -0.19503544E-01
     6447., -0.20000000E-01,  0.24492936E-17,  0.11320049E-01,  0.29285915E+00,  0.98451334E+00, -0.14406828E-01
     6448., -0.20000000E-01,  0.24492936E-17,  0.74044719E-02,  0.29540606E+00,  0.99306787E+00, -0.94480487E-02
     6449., -0.20000000E-01,  0.24492936E-17,  0.36328875E-02,  0.29685515E+00,  0.99793424E+00, -0.46422069E-02
     6450., -0.19111456E-01,  0.58951035E-02,  0.60000000E+00, -0.28942541E+00, -0.95017286E+00,  0.00000000E+00
     6451., -0.16524775E-01,  0.11266401E-01,  0.60000000E+00, -0.29542828E+00, -0.94604827E+00,  0.00000000E+00
     6452., -0.12469796E-01,  0.15636630E-01,  0.60000000E+00, -0.29806461E+00, -0.93925882E+00,  0.00000000E+00
     6453., -0.73068205E-02,  0.18617475E-01,  0.60000000E+00, -0.29641822E+00, -0.93216401E+00,  0.00000000E+00
     6454., -0.14946019E-02,  0.19944076E-01,  0.60000000E+00, -0.29106126E+00, -0.92722946E+00,  0.00000000E+00
     6455.,  0.44504187E-02,  0.19498558E-01,  0.60000000E+00, -0.28385540E+00, -0.92617002E+00,  0.00000000E+00
     6456.,  0.10000000E-01,  0.17320508E-01,  0.60000000E+00, -0.27730482E+00, -0.92935387E+00,  0.00000000E+00
     6457.,  0.14661037E-01,  0.13603455E-01,  0.60000000E+00, -0.27368602E+00, -0.93567458E+00,  0.00000000E+00
     6458.,  0.18019377E-01,  0.86776748E-02,  0.60000000E+00, -0.27425660E+00, -0.94293553E+00,  0.00000000E+00
     6459.,  0.19776617E-01,  0.29808453E-02,  0.60000000E+00, -0.27881827E+00, -0.94861339E+00,  0.00000000E+00
     6460.,  0.19776617E-01, -0.29808453E-02,  0.60000000E+00, -0.28578575E+00, -0.95073499E+00,  0.00000000E+00
     6461.,  0.18019377E-01, -0.86776748E-02,  0.60000000E+00, -0.29273770E+00, -0.94856301E+00,  0.00000000E+00
     6462.,  0.14661037E-01, -0.13603455E-01,  0.60000000E+00, -0.29725815E+00, -0.94285226E+00,  0.00000000E+00
     6463.,  0.10000000E-01, -0.17320508E-01,  0.60000000E+00, -0.29777615E+00, -0.93558736E+00,  0.00000000E+00
     6464.,  0.44504187E-02, -0.19498558E-01,  0.60000000E+00, -0.29411167E+00, -0.92929303E+00,  0.00000000E+00
     6465., -0.14946019E-02, -0.19944076E-01,  0.60000000E+00, -0.28753823E+00, -0.92615667E+00,  0.00000000E+00
     6466., -0.73068205E-02, -0.18617475E-01,  0.60000000E+00, -0.28034021E+00, -0.92726824E+00,  0.00000000E+00
     6467., -0.12469796E-01, -0.15636630E-01,  0.60000000E+00, -0.27501911E+00, -0.93224146E+00,  0.00000000E+00
     6468., -0.16524775E-01, -0.11266401E-01,  0.60000000E+00, -0.27342413E+00, -0.93934801E+00,  0.00000000E+00
